tc   x    zmpx    ubx   lbx   y    zmpy    uby   lby
0  0  0  -0.1  0.1  0  0  -0.15  0.15
0.01  2.51404e-07  0  -0.1  0.1  1.96133e-06  0  -0.15  0.15
0.02  2.01123e-06  0  -0.1  0.1  1.56906e-05  0  -0.15  0.15
0.03  6.78791e-06  0  -0.1  0.1  5.29558e-05  0  -0.15  0.15
0.04  1.60899e-05  0  -0.1  0.1  0.000125525  0  -0.15  0.15
0.05  3.14255e-05  0  -0.1  0.1  0.000245166  0  -0.15  0.15
0.06  5.40796e-05  0  -0.1  0.1  0.000421572  0  -0.15  0.15
0.07  8.44425e-05  0  -0.1  0.1  0.000656139  0  -0.15  0.15
0.08  0.000122681  0  -0.1  0.1  0.000948188  0  -0.15  0.15
0.09  0.000168961  0  -0.1  0.1  0.00129704  0  -0.15  0.15
0.1  0.000223449  0  -0.1  0.1  0.00170201  0  -0.15  0.15
0.11  0.000286313  0  -0.1  0.1  0.00216243  0  -0.15  0.15
0.12  0.000357677  0  -0.1  0.1  0.00267721  0  -0.15  0.15
0.13  0.000437502  0  -0.1  0.1  0.00324366  0  -0.15  0.15
0.14  0.000525709  0  -0.1  0.1  0.00385866  0  -0.15  0.15
0.15  0.000622216  0  -0.1  0.1  0.00451912  0  -0.15  0.15
0.16  0.000726944  0  -0.1  0.1  0.0052219  0  -0.15  0.15
0.17  0.000839811  0  -0.1  0.1  0.00596373  0  -0.15  0.15
0.18  0.000960739  0  -0.1  0.1  0.0067413  0  -0.15  0.15
0.19  0.00108965  0  -0.1  0.1  0.00755131  0  -0.15  0.15
0.2  0.00122645  0  -0.1  0.1  0.00839044  0  -0.15  0.15
0.21  0.00137109  0  -0.1  0.1  0.00925543  0  -0.15  0.15
0.22  0.00152351  0  -0.1  0.1  0.0101431  0  -0.15  0.15
0.23  0.0016837  0  -0.1  0.1  0.0110505  0  -0.15  0.15
0.24  0.00185162  0  -0.1  0.1  0.0119744  0  -0.15  0.15
0.25  0.00202725  0  -0.1  0.1  0.0129118  0  -0.15  0.15
0.26  0.00221056  0  -0.1  0.1  0.0138595  0  -0.15  0.15
0.27  0.00240158  0  -0.1  0.1  0.0148148  0  -0.15  0.15
0.28  0.00260035  0  -0.1  0.1  0.0157747  0  -0.15  0.15
0.29  0.00280688  0  -0.1  0.1  0.0167364  0  -0.15  0.15
0.3  0.00302123  0  -0.1  0.1  0.017697  0  -0.15  0.15
0.31  0.00324342  0  -0.1  0.1  0.0186537  0  -0.15  0.15
0.32  0.00347354  0  -0.1  0.1  0.0196037  0  -0.15  0.15
0.33  0.00371168  0  -0.1  0.1  0.0205444  0  -0.15  0.15
0.34  0.00395794  0  -0.1  0.1  0.0214732  0  -0.15  0.15
0.35  0.0042124  0  -0.1  0.1  0.0223872  0  -0.15  0.15
0.36  0.00447517  0  -0.1  0.1  0.0232838  0  -0.15  0.15
0.37  0.00474639  0  -0.1  0.1  0.0241605  0  -0.15  0.15
0.38  0.00502621  0  -0.1  0.1  0.0250147  0  -0.15  0.15
0.39  0.00531479  0  -0.1  0.1  0.0258439  0  -0.15  0.15
0.4  0.00561228  0  -0.1  0.1  0.0266455  0  -0.15  0.15
0.41  0.00591884  0  -0.1  0.1  0.027417  0  0.05  0.15
0.42  0.00623467  0  -0.1  0.1  0.0281563  0  0.05  0.15
0.43  0.00655999  0  -0.1  0.1  0.028861  0  0.05  0.15
0.44  0.006895  0  -0.1  0.1  0.0295289  0  0.05  0.15
0.45  0.00723993  0  -0.1  0.1  0.0301579  0  0.05  0.15
0.46  0.00759499  0  -0.1  0.1  0.0307461  0  0.05  0.15
0.47  0.00796046  0  -0.1  0.1  0.0312923  0  0.05  0.15
0.48  0.0083366  0  -0.1  0.1  0.0317959  0  0.05  0.15
0.49  0.0087237  0  -0.1  0.1  0.0322561  0  0.05  0.15
0.5  0.00912204  0  -0.1  0.1  0.0326723  0  0.05  0.15
0.51  0.00953189  0  -0.1  0.1  0.0330436  0  0.05  0.15
0.52  0.0099536  0  -0.1  0.1  0.0333695  0  0.05  0.15
0.53  0.0103875  0  -0.1  0.1  0.0336496  0  0.05  0.15
0.54  0.010834  0  -0.1  0.1  0.0338832  0  0.05  0.15
0.55  0.0112933  0  -0.1  0.1  0.03407  0  0.05  0.15
0.56  0.0117659  0  -0.1  0.1  0.0342093  0  0.05  0.15
0.57  0.0122522  0  -0.1  0.1  0.0343006  0  0.05  0.15
0.58  0.0127525  0  -0.1  0.1  0.0343433  0  0.05  0.15
0.59  0.0132674  0  -0.1  0.1  0.0343368  0  0.05  0.15
0.6  0.0137971  0  -0.1  0.1  0.0342804  0  0.05  0.15
0.61  0.0143423  0  -0.1  0.1  0.0341737  0  0.05  0.15
0.62  0.0149032  0  -0.1  0.1  0.0340159  0  0.05  0.15
0.63  0.0154806  0  -0.1  0.1  0.0338061  0  0.05  0.15
0.64  0.0160747  0  -0.1  0.1  0.0335436  0  0.05  0.15
0.65  0.0166863  0  -0.1  0.1  0.0332277  0  0.05  0.15
0.66  0.0173157  0  -0.1  0.1  0.0328576  0  0.05  0.15
0.67  0.0179636  0  -0.1  0.1  0.0324324  0  0.05  0.15
0.68  0.0186306  0  -0.1  0.1  0.0319509  0  0.05  0.15
0.69  0.0193173  0  -0.1  0.1  0.0314124  0  0.05  0.15
0.7  0.0200242  0  -0.1  0.1  0.0308157  0  0.05  0.15
0.71  0.020752  0  -0.1  0.1  0.03016  0  0.05  0.15
0.72  0.0215014  0  -0.1  0.1  0.0294439  0  0.05  0.15
0.73  0.0222732  0  -0.1  0.1  0.0286663  0  0.05  0.15
0.74  0.0230679  0  -0.1  0.1  0.027826  0  0.05  0.15
0.75  0.0238863  0  -0.1  0.1  0.0269216  0  0.05  0.15
0.76  0.0247292  0  -0.1  0.1  0.025952  0  0.05  0.15
0.77  0.0255974  0  -0.1  0.1  0.0249157  0  0.05  0.15
0.78  0.0264916  0  -0.1  0.1  0.0238111  0  0.05  0.15
0.79  0.0274128  0  -0.1  0.1  0.0226367  0  0.05  0.15
0.8  0.0283618  0  -0.1  0.1  0.0213911  0  0.05  0.15
0.81  0.0293395  0  -0.1  0.1  0.0200726  0  0.05  0.15
0.82  0.0303467  0  -0.1  0.1  0.0186794  0  0.05  0.15
0.83  0.0313845  0  -0.1  0.1  0.0172097  0  0.05  0.15
0.84  0.0324539  0  -0.1  0.1  0.0156617  0  0.05  0.15
0.85  0.0335559  0  -0.1  0.1  0.0140334  0  0.05  0.15
0.86  0.0346914  0  -0.1  0.1  0.012323  0  0.05  0.15
0.87  0.0358616  0  -0.1  0.1  0.0105282  0  0.05  0.15
0.88  0.0370677  0  -0.1  0.1  0.00864693  0  0.05  0.15
0.89  0.0383108  0  -0.1  0.1  0.00667682  0  0.05  0.15
0.9  0.039592  0  -0.1  0.1  0.00461566  0  0.05  0.15
0.91  0.0409126  0  -0.1  0.1  0.00246113  0  0.05  0.15
0.92  0.0422739  0  -0.1  0.1  0.000210616  0  0.05  0.15
0.93  0.0436772  0  -0.1  0.1  -0.00213857  0  0.05  0.15
0.94  0.0451238  0  -0.1  0.1  -0.00458912  0  0.05  0.15
0.95  0.0466152  0  -0.1  0.1  -0.00714372  0  0.05  0.15
0.96  0.0481528  0  -0.1  0.1  -0.00980516  0  0.05  0.15
0.97  0.049738  0  -0.1  0.1  -0.0125766  0  0.05  0.15
0.98  0.0513724  0  -0.1  0.1  -0.0154611  0  0.05  0.15
0.99  0.0530577  0  -0.1  0.1  -0.0184621  0  0.05  0.15
1  0.0547955  0  -0.1  0.1  -0.0215826  0  0.05  0.15
1.01  0.0565873  0  -0.1  0.1  -0.0248261  0  0.05  0.15
1.02  0.058435  0  -0.1  0.1  -0.0281962  0  0.05  0.15
1.03  0.0603405  0  -0.1  0.1  -0.0316967  0  0.05  0.15
1.04  0.0623055  0  -0.1  0.1  -0.0353314  0  0.05  0.15
1.05  0.064332  0  -0.1  0.1  -0.0391043  0  0.05  0.15
1.06  0.0664219  0  -0.1  0.1  -0.0430191  0  0.05  0.15
1.07  0.0685773  0  -0.1  0.1  -0.0470804  0  0.05  0.15
1.08  0.0708003  0  -0.1  0.1  -0.0512926  0  0.05  0.15
1.09  0.0730932  0  -0.1  0.1  -0.0556602  0  0.05  0.15
1.1  0.0754581  0  -0.1  0.1  -0.0601878  0  0.05  0.15
1.11  0.0778972  0  -0.1  0.1  -0.06488  0  0.05  0.15
1.12  0.0804131  0  -0.1  0.1  -0.069742  0  0.05  0.15
1.13  0.0830082  0  -0.1  0.1  -0.0747791  0  0.05  0.15
1.14  0.085685  0  -0.1  0.1  -0.0799967  0  0.05  0.15
1.15  0.0884462  0  -0.1  0.1  -0.0854001  0  0.05  0.15
1.16  0.0912942  0  -0.1  0.1  -0.0909947  0  0.05  0.15
1.17  0.094232  0  -0.1  0.1  -0.0967868  0  0.05  0.15
1.18  0.0972623  0  -0.1  0.1  -0.102782  0  0.05  0.15
1.19  0.100388  0  -0.1  0.1  -0.108988  0  0.05  0.15
1.2  0.103612  0  -0.1  0.1  -0.11541  0  0.05  0.15
1.21  0.106938  0  -0.1  0.1  -0.122054  0  0.05  0.15
1.22  0.110368  0  -0.1  0.1  -0.128927  0  0.05  0.15
1.23  0.113905  0  -0.1  0.1  -0.136038  0  0.05  0.15
1.24  0.117553  0  -0.1  0.1  -0.143392  0  0.05  0.15
1.25  0.121314  0  -0.1  0.1  -0.150997  0  0.05  0.15
1.26  0.125191  0  -0.1  0.5  -0.158861  0  -0.15  0.15
1.27  0.129188  0  -0.1  0.5  -0.166991  0  -0.15  0.15
1.28  0.133305  0  -0.1  0.5  -0.175395  0  -0.15  0.15
1.29  0.137546  0  -0.1  0.5  -0.18408  0  -0.15  0.15
1.3  0.141911  0  -0.1  0.5  -0.193054  0  -0.15  0.15
1.31  0.146404  0  -0.1  0.5  -0.202326  0  -0.15  0.15
1.32  0.15102  0  -0.1  0.5  -0.2119  0  -0.15  0.15
1.33  0.155758  0  -0.1  0.5  -0.221784  0  -0.15  0.15
1.34  0.160612  0  -0.1  0.5  -0.231983  0  -0.15  0.15
1.35  0.165581  0  -0.1  0.5  -0.242504  0  -0.15  0.15
1.36  0.17066  0  -0.1  0.5  -0.253352  0  -0.15  0.15
1.37  0.175845  0  -0.1  0.5  -0.264535  0  -0.15  0.15
1.38  0.181132  0  -0.1  0.5  -0.276059  0  -0.15  0.15
1.39  0.186517  0  -0.1  0.5  -0.287932  0  -0.15  0.15
1.4  0.191995  0  -0.1  0.5  -0.300159  0  -0.15  0.15
1.41  0.197563  0  -0.1  0.5  -0.312749  0  -0.15  0.15
1.42  0.203216  0  -0.1  0.5  -0.325709  0  -0.15  0.15
1.43  0.20895  0  -0.1  0.5  -0.339047  0  -0.15  0.15
1.44  0.214762  0  -0.1  0.5  -0.352771  0  -0.15  0.15
1.45  0.220646  0  -0.1  0.5  -0.36689  0  -0.15  0.15
1.46  0.2266  0  -0.1  0.5  -0.38141  0  -0.15  0.15
1.47  0.23262  0  -0.1  0.5  -0.39634  0  -0.15  0.15
1.48  0.238703  0  -0.1  0.5  -0.411688  0  -0.15  0.15
1.49  0.244846  0  -0.1  0.5  -0.427461  0  -0.15  0.15
1.5  0.251047  0  -0.1  0.5  -0.443666  0  -0.15  0.15
