tc   x    zmpx    ubx   lbx   y    zmpy    uby   lby
0  0  0  -0.1  0.1  0  0  -0.15  0.15
0.01  1.85506e-07  -0.00113556  -0.1  0.1  1.49952e-06  -0.00917923  -0.15  0.15
0.02  1.48404e-06  -0.00227001  -0.1  0.1  1.19961e-05  -0.0183495  -0.15  0.15
0.03  4.97557e-06  -0.00319971  -0.1  0.1  4.00563e-05  -0.0248653  -0.15  0.15
0.04  1.16077e-05  -0.00412628  -0.1  0.1  9.25237e-05  -0.0313566  -0.15  0.15
0.05  2.22668e-05  -0.00487644  -0.1  0.1  0.000175473  -0.0357483  -0.15  0.15
0.06  3.77266e-05  -0.00562181  -0.1  0.1  0.000293628  -0.0401047  -0.15  0.15
0.07  5.87094e-05  -0.00621863  -0.1  0.1  0.000451093  -0.0427088  -0.15  0.15
0.08  8.5844e-05  -0.0068093  -0.1  0.1  0.000650856  -0.0452706  -0.15  0.15
0.09  0.000119715  -0.00726631  -0.1  0.1  0.000895413  -0.046514  -0.15  0.15
0.1  0.000160825  -0.00771609  -0.1  0.1  0.00118643  -0.047711  -0.15  0.15
0.11  0.000209653  -0.00815815  -0.1  0.1  0.00152537  -0.0488601  -0.15  0.15
0.12  0.000266658  -0.00844324  -0.1  0.1  0.00191341  -0.0482819  -0.15  0.15
0.13  0.000332199  -0.00871979  -0.1  0.1  0.00235064  -0.0476545  -0.15  0.15
0.14  0.000406597  -0.0089036  -0.1  0.1  0.00283678  -0.0463517  -0.15  0.15
0.15  0.000490119  -0.00907828  -0.1  0.1  0.00337112  -0.0450007  -0.15  0.15
0.16  0.000583018  -0.00924359  -0.1  0.1  0.00395286  -0.0436023  -0.15  0.15
0.17  0.000685534  -0.00932064  -0.1  0.1  0.00458107  -0.0412691  -0.15  0.15
0.18  0.000797856  -0.00938787  -0.1  0.1  0.0052542  -0.0388909  -0.15  0.15
0.19  0.000920151  -0.00938897  -0.1  0.1  0.00597057  -0.0362629  -0.15  0.15
0.2  0.00105255  -0.00937997  -0.1  0.1  0.00672832  -0.0335934  -0.15  0.15
0.21  0.00119517  -0.00934379  -0.1  0.1  0.00752553  -0.0305204  -0.15  0.15
0.22  0.00134812  -0.00929729  -0.1  0.1  0.00836003  -0.0274102  -0.15  0.15
0.23  0.00151149  -0.00922219  -0.1  0.1  0.00922955  -0.0240886  -0.15  0.15
0.24  0.00168539  -0.00913658  -0.1  0.1  0.0101317  -0.0207345  -0.15  0.15
0.25  0.00186988  -0.0090114  -0.1  0.1  0.0110641  -0.0173017  -0.15  0.15
0.26  0.00206504  -0.00887555  -0.1  0.1  0.0120243  -0.0138412  -0.15  0.15
0.27  0.00227093  -0.00873387  -0.1  0.1  0.0130099  -0.0102684  -0.15  0.15
0.28  0.00248759  -0.0085814  -0.1  0.1  0.0140183  -0.0066727  -0.15  0.15
0.29  0.00271511  -0.00839035  -0.1  0.1  0.0150469  -0.0031771  -0.15  0.15
0.3  0.0029535  -0.00818841  -0.1  0.1  0.0160934  0.000336367  -0.15  0.15
0.31  0.00320281  -0.00798719  -0.1  0.1  0.0171554  0.00391793  -0.15  0.15
0.32  0.0034631  -0.007775  -0.1  0.1  0.0182303  0.00751247  -0.15  0.15
0.33  0.00373437  -0.00743342  -0.1  0.1  0.0193157  0.0110151  -0.15  0.15
0.34  0.00401659  -0.00708089  -0.1  0.1  0.0204093  0.0145259  -0.15  0.15
0.35  0.00430967  -0.00661172  -0.1  0.1  0.0215087  0.0180296  -0.15  0.15
0.36  0.00461345  -0.00613185  -0.1  0.1  0.0226114  0.0215367  -0.15  0.15
0.37  0.00492776  -0.00561609  -0.1  0.1  0.0237153  0.0247344  -0.15  0.15
0.38  0.0052524  -0.00509  -0.1  0.1  0.0248181  0.0279312  0.05  0.15
0.39  0.00558716  -0.00449531  -0.1  0.1  0.0259177  0.0323641  0.05  0.15
0.4  0.00593181  -0.00389074  -0.1  0.1  0.027011  0.0367907  0.05  0.15
0.41  0.00628602  -0.00289177  -0.1  0.1  0.028095  0.0394579  0.05  0.15
0.42  0.00664922  -0.00188381  -0.1  0.1  0.0291679  0.042114  0.05  0.15
0.43  0.00702082  -0.00103457  -0.1  0.1  0.0302282  0.0440153  0.05  0.15
0.44  0.00740031  -0.00017743  -0.1  0.1  0.0312749  0.0459031  0.05  0.15
0.45  0.00778724  0.000579048  -0.1  0.1  0.0323074  0.0476088  0.05  0.15
0.46  0.00818123  0.00134259  -0.1  0.1  0.0333249  0.0492995  0.05  0.15
0.47  0.00858196  0.00195744  -0.1  0.1  0.0343267  0.0508659  0.05  0.15
0.48  0.00898917  0.00257878  -0.1  0.1  0.0353123  0.052416  0.05  0.15
0.49  0.00940268  0.00314144  -0.1  0.1  0.0362812  0.0538254  0.05  0.15
0.5  0.00982232  0.00371023  -0.1  0.1  0.0372329  0.0552175  0.05  0.15
0.51  0.010248  0.0041317  -0.1  0.1  0.038167  0.0565374  0.05  0.15
0.52  0.0106796  0.00455916  -0.1  0.1  0.0390831  0.0578392  0.05  0.15
0.53  0.0111173  0.0048821  -0.1  0.1  0.0399808  0.059068  0.05  0.15
0.54  0.0115611  0.00521114  -0.1  0.1  0.0408598  0.060278  0.05  0.15
0.55  0.0120111  0.00549905  -0.1  0.1  0.0417197  0.0614006  0.05  0.15
0.56  0.0124675  0.00579335  -0.1  0.1  0.0425604  0.0625039  0.05  0.15
0.57  0.0129304  0.00597779  -0.1  0.1  0.0433816  0.0635691  0.05  0.15
0.58  0.0134002  0.00616903  -0.1  0.1  0.0441829  0.0646145  0.05  0.15
0.59  0.0138771  0.00635642  -0.1  0.1  0.0449643  0.0655815  0.05  0.15
0.6  0.0143613  0.00655118  -0.1  0.1  0.0457254  0.0665282  0.05  0.15
0.61  0.0148532  0.00662301  -0.1  0.1  0.0464662  0.0674668  0.05  0.15
0.62  0.0153531  0.00670291  -0.1  0.1  0.0471864  0.0683848  0.05  0.15
0.63  0.0158616  0.00670781  -0.1  0.1  0.0478858  0.06928  0.05  0.15
0.64  0.016379  0.00672169  -0.1  0.1  0.0485642  0.0701542  0.05  0.15
0.65  0.0169059  0.00673586  -0.1  0.1  0.0492215  0.0709758  0.05  0.15
0.66  0.0174428  0.00676001  -0.1  0.1  0.0498575  0.0717761  0.05  0.15
0.67  0.0179901  0.00669053  -0.1  0.1  0.0504719  0.0725777  0.05  0.15
0.68  0.0185485  0.00663213  -0.1  0.1  0.0510648  0.0733576  0.05  0.15
0.69  0.0191186  0.006613  -0.1  0.1  0.0516357  0.074078  0.05  0.15
0.7  0.019701  0.00660612  -0.1  0.1  0.0521847  0.0747765  0.05  0.15
0.71  0.0202962  0.00647781  -0.1  0.1  0.0527116  0.075501  0.05  0.15
0.72  0.0209049  0.00636303  -0.1  0.1  0.0532161  0.0762032  0.05  0.15
0.73  0.0215279  0.00618515  -0.1  0.1  0.053698  0.0769066  0.05  0.15
0.74  0.022166  0.00602231  -0.1  0.1  0.0541573  0.0775872  0.05  0.15
0.75  0.0228198  0.00589157  -0.1  0.1  0.0545935  0.0782252  0.05  0.15
0.76  0.0234903  0.00577743  -0.1  0.1  0.0550066  0.07884  0.05  0.15
0.77  0.0241781  0.00556731  -0.1  0.1  0.0553964  0.0794794  0.05  0.15
0.78  0.0248842  0.00537544  -0.1  0.1  0.0557625  0.0800953  0.05  0.15
0.79  0.0256094  0.00526068  -0.1  0.1  0.0561048  0.0806521  0.05  0.15
0.8  0.0263545  0.00516587  -0.1  0.1  0.0564231  0.0811848  0.05  0.15
0.81  0.0271204  0.00493138  -0.1  0.1  0.056717  0.0817694  0.05  0.15
0.82  0.0279081  0.00471863  -0.1  0.1  0.0569864  0.0823293  0.05  0.15
0.83  0.0287184  0.00444109  -0.1  0.1  0.057231  0.0829058  0.05  0.15
0.84  0.0295526  0.00418735  -0.1  0.1  0.0574504  0.0834571  0.05  0.15
0.85  0.0304117  0.00399285  -0.1  0.1  0.0576444  0.0839648  0.05  0.15
0.86  0.0312966  0.00382424  -0.1  0.1  0.0578125  0.0844467  0.05  0.15
0.87  0.0322085  0.00354342  -0.1  0.1  0.0579545  0.0849723  0.05  0.15
0.88  0.0331484  0.00329068  -0.1  0.1  0.0580701  0.0854714  0.05  0.15
0.89  0.0341177  0.00315091  -0.1  0.1  0.0581588  0.0859031  0.05  0.15
0.9  0.0351172  0.00304149  -0.1  0.1  0.0582203  0.0863076  0.05  0.15
0.91  0.0361482  0.00276215  -0.1  0.1  0.0582542  0.0867874  0.05  0.15
0.92  0.037212  0.00251554  -0.1  0.1  0.0582602  0.0872393  0.05  0.15
0.93  0.0383098  0.00219608  -0.1  0.1  0.0582378  0.087719  0.05  0.15
0.94  0.0394429  0.00191201  -0.1  0.1  0.0581865  0.0881698  0.05  0.15
0.95  0.0406128  0.0017131  -0.1  0.1  0.0581059  0.0885704  0.05  0.15
0.96  0.0418209  0.00155231  -0.1  0.1  0.0579953  0.0889412  0.05  0.15
0.97  0.0430684  0.00126281  -0.1  0.1  0.0578544  0.0893697  0.05  0.15
0.98  0.044357  0.00101427  -0.1  0.1  0.0576827  0.0897672  0.05  0.15
0.99  0.0456879  0.000907682  -0.1  0.1  0.0574795  0.0900878  0.05  0.15
1  0.0470628  0.000844981  -0.1  0.1  0.0572443  0.0903765  0.05  0.15
1.01  0.048483  0.000599722  -0.1  0.1  0.0569767  0.0907512  0.05  0.15
1.02  0.0499501  0.00040139  -0.1  0.1  0.056676  0.0910928  0.05  0.15
1.03  0.0514658  0.000138073  -0.1  0.1  0.0563415  0.0914622  0.05  0.15
1.04  0.0530318  -7.49422e-05  -0.1  0.1  0.0559726  0.0917972  0.05  0.15
1.05  0.0546498  -0.000179243  -0.1  0.1  0.0555686  0.0920737  0.05  0.15
1.06  0.0563215  -0.000229811  -0.1  0.1  0.0551288  0.0923144  0.05  0.15
1.07  0.0580487  -0.000374148  -0.1  0.1  0.0546526  0.0925984  0.05  0.15
1.08  0.0598332  -0.000461231  -0.1  0.1  0.0541392  0.0928452  0.05  0.15
1.09  0.0616767  -0.00042049  -0.1  0.1  0.0535878  0.0930248  0.05  0.15
1.1  0.0635811  -0.000318894  -0.1  0.1  0.0529978  0.0931658  0.05  0.15
1.11  0.0655482  -0.000276041  -0.1  0.1  0.0523685  0.0933333  0.05  0.15
1.12  0.0675797  -0.00016868  -0.1  0.1  0.0516989  0.0934607  0.05  0.15
1.13  0.0696776  -1.87823e-05  -0.1  0.1  0.0509885  0.0935643  0.05  0.15
1.14  0.0718439  0.000199418  -0.1  0.1  0.0502363  0.0936261  0.05  0.15
1.15  0.0740803  0.000529268  -0.1  0.1  0.0494417  0.09363  0.05  0.15
1.16  0.0763888  0.000931199  -0.1  0.1  0.0486037  0.0935905  0.05  0.15
1.17  0.0787713  0.00152863  -0.1  0.1  0.0477216  0.0934513  0.05  0.15
1.18  0.0812294  0.00220175  -0.1  0.1  0.0467947  0.0932673  0.05  0.15
1.19  0.0837651  0.00278806  -0.1  0.1  0.0458223  0.093125  0.05  0.15
1.2  0.08638  0.00345372  -0.1  0.1  0.0448035  0.0929364  0.05  0.15
1.21  0.0890762  0.00478833  -0.1  0.1  0.0437376  0.0924118  0.05  0.15
1.22  0.091855  0.00620555  -0.1  0.1  0.0426239  0.0918395  0.05  0.15
1.23  0.0947176  0.0081956  -0.1  0.1  0.0414621  0.0909794  0.05  0.15
1.24  0.097665  0.0102705  -0.1  0.5  0.0402518  0.0900709  -0.15  0.15
1.25  0.100698  0.0123554  -0.1  0.5  0.0389926  0.0891562  -0.15  0.15
1.26  0.103818  0.0145269  -0.1  0.5  0.0376843  0.0881923  -0.15  0.15
1.27  0.107025  0.0170244  -0.1  0.5  0.0363267  0.0858655  -0.15  0.15
1.28  0.11032  0.0196102  -0.1  0.5  0.0349205  0.0834901  -0.15  0.15
1.29  0.113704  0.0233714  -0.1  0.5  0.0334668  0.0807513  -0.15  0.15
1.3  0.117177  0.0272212  -0.1  0.5  0.0319667  0.0779661  -0.15  0.15
1.31  0.120737  0.032385  -0.1  0.5  0.0304217  0.0747111  -0.15  0.15
1.32  0.124384  0.0376353  -0.1  0.5  0.0288332  0.0714127  -0.15  0.15
1.33  0.128116  0.0438597  -0.1  0.5  0.0272031  0.0677873  -0.15  0.15
1.34  0.131931  0.0501667  -0.1  0.5  0.0255332  0.0641222  -0.15  0.15
1.35  0.135825  0.0570597  -0.1  0.5  0.0238255  0.060304  -0.15  0.15
1.36  0.139797  0.0640299  -0.1  0.5  0.022082  0.05645  -0.15  0.15
1.37  0.143843  0.0717414  -0.1  0.5  0.0203049  0.0523367  -0.15  0.15
1.38  0.14796  0.0795235  -0.1  0.5  0.0184964  0.048192  -0.15  0.15
1.39  0.152143  0.0875535  -0.1  0.5  0.0166588  0.0440301  -0.15  0.15
1.4  0.15639  0.0956468  -0.1  0.5  0.0147944  0.0398413  -0.15  0.15
1.41  0.160696  0.104352  -0.1  0.5  0.0129054  0.0354175  -0.15  0.15
1.42  0.165058  0.113112  -0.1  0.5  0.0109944  0.0309716  -0.15  0.15
1.43  0.16947  0.122243  -0.1  0.5  0.00906386  0.0264042  -0.15  0.15
1.44  0.173929  0.13142  -0.1  0.5  0.00711631  0.0218197  -0.15  0.15
1.45  0.178429  0.140655  -0.1  0.5  0.00515434  0.0172713  -0.15  0.15
1.46  0.182967  0.149927  -0.1  0.5  0.0031805  0.0127111  -0.15  0.15
1.47  0.187537  0.159511  -0.1  0.5  0.00119733  0.0080284  -0.15  0.15
1.48  0.192134  0.169124  -0.1  0.5  -0.000792531  0.00333903  -0.15  0.15
1.49  0.196753  0.178647  -0.1  0.5  -0.00278646  -0.0012515  -0.15  0.15
1.5  0.201391  0.188189  -0.1  0.5  -0.00478189  -0.00584353  -0.15  0.15
1.51  0.206041  0.197969  -0.1  0.5  -0.00677626  -0.0105483  -0.15  0.15
1.52  0.2107  0.207758  -0.1  0.5  -0.00876694  -0.0152494  -0.15  0.15
1.53  0.215361  0.217597  -0.1  0.5  -0.0107513  -0.0199631  -0.15  0.15
1.54  0.22002  0.227435  -0.1  0.5  -0.0127265  -0.0246677  -0.15  0.15
1.55  0.224671  0.237134  -0.1  0.5  -0.0146902  -0.0292722  -0.15  0.15
1.56  0.229311  0.24682  -0.1  0.5  -0.0166395  -0.0338624  -0.15  0.15
1.57  0.233933  0.25648  -0.1  0.5  -0.0185719  -0.0383649  -0.15  0.15
1.58  0.238534  0.266118  -0.1  0.5  -0.020485  -0.0428479  -0.15  0.15
1.59  0.243107  0.275857  -0.1  0.5  -0.0223761  -0.0472314  -0.15  0.15
1.6  0.247648  0.285564  -0.1  0.5  -0.0242429  -0.0515906  -0.15  0.15
1.61  0.252152  0.294807  -0.1  0.5  -0.0260829  -0.0556731  -0.15  0.15
1.62  0.256614  0.304008  -0.1  0.5  -0.027894  -0.0597265  -0.15  0.15
1.63  0.26103  0.312723  -0.1  0.5  -0.0296738  -0.0635032  -0.15  0.15
1.64  0.265395  0.321388  0.3  0.5  -0.0314206  -0.0672468  -0.15  -0.05
1.65  0.269706  0.329968  0.3  0.5  -0.0331322  -0.0709019  -0.15  -0.05
1.66  0.273957  0.338489  0.3  0.5  -0.0348068  -0.0745201  -0.15  -0.05
1.67  0.278145  0.346006  0.3  0.5  -0.0364426  -0.0772397  -0.15  -0.05
1.68  0.282267  0.353457  0.3  0.5  -0.0380385  -0.0799194  -0.15  -0.05
1.69  0.286319  0.359651  0.3  0.5  -0.0395933  -0.0820789  -0.15  -0.05
1.7  0.290299  0.365773  0.3  0.5  -0.0411066  -0.0841968  -0.15  -0.05
1.71  0.294205  0.370786  0.3  0.5  -0.0425776  -0.0859402  -0.15  -0.05
1.72  0.298037  0.375723  0.3  0.5  -0.0440062  -0.0876411  -0.15  -0.05
1.73  0.301792  0.379775  0.3  0.5  -0.0453921  -0.0890358  -0.15  -0.05
1.74  0.305471  0.383751  0.3  0.5  -0.0467352  -0.0903877  -0.15  -0.05
1.75  0.309074  0.38705  0.3  0.5  -0.0480355  -0.0914769  -0.15  -0.05
1.76  0.3126  0.390274  0.3  0.5  -0.0492933  -0.0925236  -0.15  -0.05
1.77  0.316049  0.392887  0.3  0.5  -0.0505087  -0.0933972  -0.15  -0.05
1.78  0.319424  0.395425  0.3  0.5  -0.0516821  -0.0942288  -0.15  -0.05
1.79  0.322724  0.397551  0.3  0.5  -0.0528138  -0.0948885  -0.15  -0.05
1.8  0.325951  0.399603  0.3  0.5  -0.0539043  -0.0955069  -0.15  -0.05
1.81  0.329106  0.401223  0.3  0.5  -0.054954  -0.0960456  -0.15  -0.05
1.82  0.33219  0.402773  0.3  0.5  -0.0559635  -0.0965439  -0.15  -0.05
1.83  0.335205  0.404003  0.3  0.5  -0.0569332  -0.0969732  -0.15  -0.05
1.84  0.338152  0.405166  0.3  0.5  -0.0578636  -0.0973632  -0.15  -0.05
1.85  0.341034  0.406133  0.3  0.5  -0.0587554  -0.0976769  -0.15  -0.05
1.86  0.343852  0.407037  0.3  0.5  -0.059609  -0.0979525  -0.15  -0.05
1.87  0.346608  0.407709  0.3  0.5  -0.060425  -0.0982139  -0.15  -0.05
1.88  0.349305  0.408322  0.3  0.5  -0.061204  -0.0984383  -0.15  -0.05
1.89  0.351943  0.408857  0.3  0.5  -0.0619465  -0.0986073  -0.15  -0.05
1.9  0.354526  0.409337  0.3  0.5  -0.0626531  -0.0987403  -0.15  -0.05
1.91  0.357055  0.40963  0.3  0.5  -0.0633243  -0.0989013  -0.15  -0.05
1.92  0.359532  0.409872  0.3  0.5  -0.0639606  -0.0990273  -0.15  -0.05
1.93  0.36196  0.410004  0.3  0.5  -0.0645626  -0.0991665  -0.15  -0.05
1.94  0.364341  0.410089  0.3  0.5  -0.0651306  -0.0992718  -0.15  -0.05
1.95  0.366678  0.410167  0.3  0.5  -0.0656652  -0.0993572  -0.15  -0.05
1.96  0.368971  0.410201  0.3  0.5  -0.0661668  -0.0994095  -0.15  -0.05
1.97  0.371224  0.410134  0.3  0.5  -0.0666357  -0.0995039  -0.15  -0.05
1.98  0.373439  0.410028  0.3  0.5  -0.0670725  -0.0995662  -0.15  -0.05
1.99  0.375619  0.409982  0.3  0.5  -0.0674774  -0.0996004  -0.15  -0.05
2  0.377764  0.409903  0.3  0.5  -0.0678509  -0.0996032  -0.15  -0.05
2.01  0.379878  0.409705  0.3  0.5  -0.0681932  -0.0996758  -0.15  -0.05
2.02  0.381963  0.409479  0.3  0.5  -0.0685047  -0.0997175  -0.15  -0.05
2.03  0.384021  0.409207  0.3  0.5  -0.0687855  -0.0997993  -0.15  -0.05
2.04  0.386054  0.40891  0.3  0.5  -0.069036  -0.0998507  -0.15  -0.05
2.05  0.388065  0.408682  0.3  0.5  -0.0692562  -0.0998904  -0.15  -0.05
2.06  0.390055  0.408433  0.3  0.5  -0.0694465  -0.0999  -0.15  -0.05
2.07  0.392028  0.408107  0.3  0.5  -0.0696069  -0.0999739  -0.15  -0.05
2.08  0.393984  0.407761  0.3  0.5  -0.0697375  -0.10005  -0.15  -0.05
2.09  0.395928  0.407403  0.3  0.5  -0.0698384  -0.100096  -0.15  -0.05
2.1  0.39786  0.40713  0.3  0.5  -0.0699096  -0.100129  -0.15  -0.05
2.11  0.399783  0.406848  0.3  0.5  -0.0699513  -0.100132  -0.15  -0.05
2.12  0.401699  0.406482  0.3  0.5  -0.0699633  -0.100208  -0.15  -0.05
2.13  0.40361  0.406111  0.3  0.5  -0.0699457  -0.100254  -0.15  -0.05
2.14  0.405519  0.405882  0.3  0.5  -0.0698984  -0.10026  -0.15  -0.05
2.15  0.407427  0.405653  0.3  0.5  -0.0698214  -0.100236  -0.15  -0.05
2.16  0.409338  0.405283  0.3  0.5  -0.0697145  -0.100313  -0.15  -0.05
2.17  0.411252  0.404918  0.3  0.5  -0.0695777  -0.10036  -0.15  -0.05
2.18  0.413172  0.404508  0.3  0.5  -0.0694106  -0.10046  -0.15  -0.05
2.19  0.415101  0.404107  0.3  0.5  -0.0692131  -0.100529  -0.15  -0.05
2.2  0.417041  0.403821  0.3  0.5  -0.068985  -0.10057  -0.15  -0.05
2.21  0.418994  0.403547  0.3  0.5  -0.0687259  -0.100581  -0.15  -0.05
2.22  0.420962  0.403172  0.3  0.5  -0.0684355  -0.100671  -0.15  -0.05
2.23  0.422947  0.402815  0.3  0.5  -0.0681136  -0.100729  -0.15  -0.05
2.24  0.424952  0.402627  0.3  0.5  -0.0677597  -0.100731  -0.15  -0.05
2.25  0.426979  0.402461  0.3  0.5  -0.0673735  -0.1007  -0.15  -0.05
2.26  0.429029  0.402138  0.3  0.5  -0.0669546  -0.100774  -0.15  -0.05
2.27  0.431107  0.401842  0.3  0.5  -0.0665025  -0.100814  -0.15  -0.05
2.28  0.433213  0.401506  0.3  0.5  -0.0660169  -0.1009  -0.15  -0.05
2.29  0.43535  0.401201  0.3  0.5  -0.065497  -0.100952  -0.15  -0.05
2.3  0.43752  0.401029  0.3  0.5  -0.0649424  -0.100962  -0.15  -0.05
2.31  0.439726  0.400892  0.3  0.5  -0.0643525  -0.100936  -0.15  -0.05
2.32  0.441971  0.400684  0.3  0.5  -0.0637267  -0.100969  -0.15  -0.05
2.33  0.444255  0.400517  0.3  0.5  -0.0630645  -0.100965  -0.15  -0.05
2.34  0.446583  0.400499  0.3  0.5  -0.062365  -0.100909  -0.15  -0.05
2.35  0.448956  0.400526  0.3  0.5  -0.0616279  -0.100814  -0.15  -0.05
2.36  0.451376  0.400515  0.3  0.5  -0.0608523  -0.100759  -0.15  -0.05
2.37  0.453846  0.400554  0.3  0.5  -0.0600376  -0.100665  -0.15  -0.05
2.38  0.456368  0.400654  0.3  0.5  -0.059183  -0.100559  -0.15  -0.05
2.39  0.458945  0.400809  0.3  0.5  -0.058288  -0.100413  -0.15  -0.05
2.4  0.461579  0.401094  0.3  0.5  -0.0573516  -0.100219  -0.15  -0.05
2.41  0.464272  0.401438  0.3  0.5  -0.0563732  -0.0999841  -0.15  -0.05
2.42  0.467027  0.401994  0.3  0.5  -0.0553521  -0.0996595  -0.15  -0.05
2.43  0.469845  0.402614  0.3  0.5  -0.0542876  -0.0992915  -0.15  -0.05
2.44  0.47273  0.403163  0.3  0.5  -0.053179  -0.0989747  -0.15  -0.05
2.45  0.475682  0.403781  0.3  0.5  -0.0520255  -0.0986131  -0.15  -0.05
2.46  0.478705  0.405082  0.3  0.5  -0.0508263  -0.0979244  -0.15  -0.05
2.47  0.4818  0.406455  0.3  0.5  -0.0495811  -0.0971895  -0.15  -0.05
2.48  0.484969  0.408415  0.3  0.5  -0.0482892  -0.096175  -0.15  -0.05
2.49  0.488213  0.41045  0.3  0.9  -0.0469503  -0.0951136  -0.15  0.15
2.5  0.491533  0.412508  0.3  0.9  -0.0455643  -0.0940536  -0.15  0.15
2.51  0.49493  0.414643  0.3  0.9  -0.0441307  -0.092946  -0.15  0.15
2.52  0.498406  0.417716  0.3  0.9  -0.0426496  -0.0904825  -0.15  0.15
2.53  0.501961  0.420869  0.3  0.9  -0.0411215  -0.087972  -0.15  0.15
2.54  0.505596  0.425095  0.3  0.9  -0.0395476  -0.0851045  -0.15  0.15
2.55  0.509309  0.4294  0.3  0.9  -0.037929  -0.0821923  -0.15  0.15
2.56  0.5131  0.434936  0.3  0.9  -0.0362671  -0.0788162  -0.15  0.15
2.57  0.516968  0.440549  0.3  0.9  -0.0345636  -0.0753983  -0.15  0.15
2.58  0.520911  0.447065  0.3  0.9  -0.03282  -0.071659  -0.15  0.15
2.59  0.524926  0.453653  0.3  0.9  -0.0310384  -0.0678815  -0.15  0.15
2.6  0.529011  0.460766  0.3  0.9  -0.0292207  -0.063956  -0.15  0.15
2.61  0.533163  0.467947  0.3  0.9  -0.027369  -0.0599964  -0.15  0.15
2.62  0.537378  0.475821  0.3  0.9  -0.0254853  -0.0557821  -0.15  0.15
2.63  0.541654  0.483755  0.3  0.9  -0.0235719  -0.051538  -0.15  0.15
2.64  0.545987  0.491892  0.3  0.9  -0.0216311  -0.0472809  -0.15  0.15
2.65  0.550373  0.500082  0.3  0.9  -0.0196652  -0.0429987  -0.15  0.15
2.66  0.554807  0.508855  0.3  0.9  -0.0176765  -0.0384853  -0.15  0.15
2.67  0.559287  0.517673  0.3  0.9  -0.0156674  -0.0339515  -0.15  0.15
2.68  0.563808  0.526837  0.3  0.9  -0.0136403  -0.0292996  -0.15  0.15
2.69  0.568365  0.536037  0.3  0.9  -0.0115979  -0.0246324  -0.15  0.15
2.7  0.572953  0.545269  0.3  0.9  -0.00954276  -0.0200045  -0.15  0.15
2.71  0.577569  0.554527  0.3  0.9  -0.00747734  -0.0153664  -0.15  0.15
2.72  0.582207  0.564087  0.3  0.9  -0.00540421  -0.0106088  -0.15  0.15
2.73  0.586863  0.573666  0.3  0.9  -0.00332598  -0.00584613  -0.15  0.15
2.74  0.591532  0.583133  0.3  0.9  -0.00124525  -0.00118503  -0.15  0.15
2.75  0.596209  0.592609  0.3  0.9  0.000835407  0.00347602  -0.15  0.15
2.76  0.60089  0.602326  0.3  0.9  0.00291346  0.00824732  -0.15  0.15
2.77  0.605569  0.612041  0.3  0.9  0.00498629  0.0130134  -0.15  0.15
2.78  0.610242  0.621806  0.3  0.9  0.00705125  0.0177897  -0.15  0.15
2.79  0.614903  0.631559  0.3  0.9  0.00910568  0.0225556  -0.15  0.15
2.8  0.619549  0.641163  0.3  0.9  0.011147  0.0272192  -0.15  0.15
2.81  0.624173  0.650746  0.3  0.9  0.0131725  0.031867  -0.15  0.15
2.82  0.628771  0.660236  0.3  0.9  0.0151797  0.0364232  -0.15  0.15
2.83  0.633338  0.669696  0.3  0.9  0.0171661  0.0409587  -0.15  0.15
2.84  0.637869  0.679129  0.3  0.9  0.0191292  0.0453935  -0.15  0.15
2.85  0.64236  0.68852  0.3  0.9  0.0210665  0.0498026  -0.15  0.15
2.86  0.646806  0.697384  0.3  0.9  0.0229757  0.0539338  -0.15  0.15
2.87  0.651203  0.706198  0.3  0.9  0.0248546  0.0580348  -0.15  0.15
2.88  0.655545  0.714485  0.3  0.9  0.026701  0.0618579  -0.15  0.15
2.89  0.65983  0.722715  0.7  0.9  0.028513  0.0656465  0.05  0.15
2.9  0.664053  0.730826  0.7  0.9  0.0302886  0.0693457  0.05  0.15
2.91  0.668211  0.738872  0.7  0.9  0.0320259  0.0730067  0.05  0.15
2.92  0.6723  0.746092  0.7  0.9  0.0337231  0.0757696  0.05  0.15
2.93  0.676316  0.753239  0.7  0.9  0.0353792  0.0784913  0.05  0.15
2.94  0.680257  0.759146  0.7  0.9  0.0369931  0.0806915  0.05  0.15
2.95  0.684121  0.764976  0.7  0.9  0.0385642  0.0828488  0.05  0.15
2.96  0.687906  0.769755  0.7  0.9  0.0400919  0.0846303  0.05  0.15
2.97  0.69161  0.774455  0.7  0.9  0.041576  0.0863682  0.05  0.15
2.98  0.695234  0.778312  0.7  0.9  0.0430162  0.0877987  0.05  0.15
2.99  0.698776  0.782088  0.7  0.9  0.0444126  0.0891853  0.05  0.15
3  0.702236  0.785206  0.7  0.9  0.0457651  0.0903082  0.05  0.15
3.01  0.705615  0.788242  0.7  0.9  0.0470739  0.0913875  0.05  0.15
3.02  0.708913  0.790719  0.7  0.9  0.0483394  0.0922928  0.05  0.15
3.03  0.712132  0.793115  0.7  0.9  0.0495618  0.093155  0.05  0.15
3.04  0.71527  0.795104  0.7  0.9  0.0507414  0.0938445  0.05  0.15
3.05  0.718331  0.797014  0.7  0.9  0.0518789  0.0944918  0.05  0.15
3.06  0.721314  0.798551  0.7  0.9  0.0529745  0.0950585  0.05  0.15
3.07  0.724222  0.800011  0.7  0.9  0.054029  0.095584  0.05  0.15
3.08  0.727056  0.80119  0.7  0.9  0.0550427  0.0960397  0.05  0.15
3.09  0.729817  0.802297  0.7  0.9  0.0560162  0.0964553  0.05  0.15
3.1  0.732507  0.803212  0.7  0.9  0.0569501  0.096794  0.05  0.15
3.11  0.735127  0.804058  0.7  0.9  0.057845  0.0970936  0.05  0.15
3.12  0.73768  0.804719  0.7  0.9  0.0587014  0.0973786  0.05  0.15
3.13  0.740168  0.805315  0.7  0.9  0.0595199  0.0976256  0.05  0.15
3.14  0.742591  0.805821  0.7  0.9  0.060301  0.0978168  0.05  0.15
3.15  0.744953  0.806266  0.7  0.9  0.0610454  0.0979712  0.05  0.15
3.16  0.747254  0.806583  0.7  0.9  0.0617536  0.0981531  0.05  0.15
3.17  0.749498  0.806841  0.7  0.9  0.0624261  0.0982993  0.05  0.15
3.18  0.751685  0.807022  0.7  0.9  0.0630635  0.0984583  0.05  0.15
3.19  0.753818  0.807149  0.7  0.9  0.0636661  0.0985826  0.05  0.15
3.2  0.755898  0.807259  0.7  0.9  0.0642346  0.0986867  0.05  0.15
3.21  0.757929  0.807319  0.7  0.9  0.0647693  0.0987569  0.05  0.15
3.22  0.759911  0.807323  0.7  0.9  0.0652706  0.098869  0.05  0.15
3.23  0.761846  0.80728  0.7  0.9  0.0657391  0.0989482  0.05  0.15
3.24  0.763737  0.807268  0.7  0.9  0.066175  0.0989991  0.05  0.15
3.25  0.765585  0.807213  0.7  0.9  0.0665787  0.0990179  0.05  0.15
3.26  0.767393  0.807105  0.7  0.9  0.0669506  0.0991063  0.05  0.15
3.27  0.769161  0.806959  0.7  0.9  0.067291  0.0991631  0.05  0.15
3.28  0.770893  0.806798  0.7  0.9  0.0676002  0.0992598  0.05  0.15
3.29  0.772589  0.806602  0.7  0.9  0.0678783  0.0993255  0.05  0.15
3.3  0.774252  0.806452  0.7  0.9  0.0681256  0.0993792  0.05  0.15
3.31  0.775883  0.806271  0.7  0.9  0.0683423  0.0994024  0.05  0.15
3.32  0.777485  0.806064  0.7  0.9  0.0685285  0.0994897  0.05  0.15
3.33  0.779059  0.80583  0.7  0.9  0.0686844  0.0995466  0.05  0.15
3.34  0.780606  0.805671  0.7  0.9  0.0688101  0.0995699  0.05  0.15
3.35  0.782129  0.805489  0.7  0.9  0.0689056  0.099563  0.05  0.15
3.36  0.783629  0.805259  0.7  0.9  0.068971  0.099648  0.05  0.15
3.37  0.785108  0.805009  0.7  0.9  0.0690064  0.0997028  0.05  0.15
3.38  0.786567  0.804755  0.7  0.9  0.0690116  0.0998072  0.05  0.15
3.39  0.788008  0.804484  0.7  0.9  0.0689867  0.0998813  0.05  0.15
3.4  0.789433  0.80428  0.7  0.9  0.0689316  0.0999346  0.05  0.15
3.41  0.790844  0.804061  0.7  0.9  0.068846  0.0999574  0.05  0.15
3.42  0.792242  0.803813  0.7  0.9  0.0687299  0.100056  0.05  0.15
3.43  0.793628  0.803554  0.7  0.9  0.0685831  0.100125  0.05  0.15
3.44  0.795005  0.80339  0.7  0.9  0.0684055  0.100143  0.05  0.15
3.45  0.796373  0.803218  0.7  0.9  0.0681967  0.100131  0.05  0.15
3.46  0.797735  0.802984  0.7  0.9  0.0679566  0.100224  0.05  0.15
3.47  0.799092  0.802746  0.7  0.9  0.0676848  0.100285  0.05  0.15
3.48  0.800445  0.8025  0.7  0.9  0.0673812  0.100397  0.05  0.15
3.49  0.801796  0.802251  0.7  0.9  0.0670451  0.100477  0.05  0.15
3.5  0.803146  0.80208  0.7  0.9  0.0666763  0.100521  0.05  0.15
3.51  0.804498  0.801909  0.7  0.9  0.0662744  0.100532  0.05  0.15
3.52  0.805852  0.801704  0.7  0.9  0.0658388  0.100619  0.05  0.15
3.53  0.80721  0.801502  0.7  0.9  0.0653691  0.100671  0.05  0.15
3.54  0.808574  0.801398  0.7  0.9  0.0648649  0.100663  0.05  0.15
3.55  0.809945  0.801301  0.7  0.9  0.0643256  0.100619  0.05  0.15
3.56  0.811324  0.801153  0.7  0.9  0.0637507  0.100664  0.05  0.15
3.57  0.812713  0.801014  0.7  0.9  0.0631396  0.100673  0.05  0.15
3.58  0.814114  0.80088  0.7  0.9  0.0624917  0.100709  0.05  0.15
3.59  0.815528  0.80076  0.7  0.9  0.0618064  0.100709  0.05  0.15
3.6  0.816956  0.800719  0.7  0.9  0.0610829  0.100661  0.05  0.15
3.61  0.8184  0.800694  0.7  0.9  0.0603207  0.100574  0.05  0.15
3.62  0.819861  0.800686  0.7  0.9  0.059519  0.100501  0.05  0.15
3.63  0.821341  0.800697  0.7  0.9  0.0586772  0.100387  0.05  0.15
3.64  0.822842  0.800759  0.7  0.9  0.0577944  0.10025  0.05  0.15
3.65  0.824364  0.800844  0.7  0.9  0.0568701  0.100071  0.05  0.15
3.66  0.825909  0.801031  0.7  0.9  0.0559034  0.0998156  0.05  0.15
3.67  0.827478  0.801243  0.7  0.9  0.0548937  0.0995173  0.05  0.15
3.68  0.829074  0.801579  0.7  0.9  0.0538403  0.0991202  0.05  0.15
3.69  0.830696  0.801941  0.7  0.9  0.0527425  0.0986789  0.05  0.15
3.7  0.832346  0.802362  0.7  0.9  0.0515997  0.0982026  0.05  0.15
3.71  0.834026  0.802812  0.7  0.9  0.0504112  0.0976806  0.05  0.15
3.72  0.835736  0.803591  0.7  0.9  0.0491764  0.0968508  0.05  0.15
3.73  0.837478  0.804403  0.7  1.1  0.0478949  0.0959742  -0.15  0.15
3.74  0.839252  0.805016  0.7  1.1  0.0465662  0.0953157  -0.15  0.15
3.75  0.84106  0.805664  0.7  1.1  0.0451898  0.0946094  -0.15  0.15
3.76  0.842902  0.806041  0.7  1.1  0.0437652  0.0924884  -0.15  0.15
3.77  0.844781  0.806455  0.7  1.1  0.0422928  0.0903196  -0.15  0.15
3.78  0.846697  0.807738  0.7  1.1  0.0407734  0.0876071  -0.15  0.15
3.79  0.848651  0.809058  0.7  1.1  0.0392081  0.0848486  -0.15  0.15
3.8  0.850644  0.811003  0.7  1.1  0.0375982  0.0817467  -0.15  0.15
3.81  0.852676  0.812988  0.7  1.1  0.035945  0.0786015  -0.15  0.15
3.82  0.854746  0.815606  0.7  1.1  0.03425  0.0750602  -0.15  0.15
3.83  0.856855  0.818263  0.7  1.1  0.0325151  0.0714789  -0.15  0.15
3.84  0.859002  0.821282  0.7  1.1  0.0307419  0.0677497  -0.15  0.15
3.85  0.861185  0.824339  0.7  1.1  0.0289325  0.0639843  -0.15  0.15
3.86  0.863405  0.827883  0.7  1.1  0.0270889  0.0598994  -0.15  0.15
3.87  0.865659  0.831463  0.7  1.1  0.025213  0.0557823  -0.15  0.15
3.88  0.867947  0.835387  0.7  1.1  0.0233072  0.0514685  -0.15  0.15
3.89  0.870267  0.839343  0.7  1.1  0.0213739  0.047127  -0.15  0.15
3.9  0.872617  0.843471  0.7  1.1  0.0194152  0.0427519  -0.15  0.15
3.91  0.874996  0.847627  0.7  1.1  0.0174338  0.0383539  -0.15  0.15
3.92  0.877402  0.852058  0.7  1.1  0.0154318  0.0337798  -0.15  0.15
3.93  0.879832  0.856513  0.7  1.1  0.0134119  0.0291876  -0.15  0.15
3.94  0.882285  0.861018  0.7  1.1  0.0113765  0.0246584  -0.15  0.15
3.95  0.884759  0.865544  0.7  1.1  0.00932803  0.0201161  -0.15  0.15
3.96  0.887252  0.870297  0.7  1.1  0.00726905  0.0153991  -0.15  0.15
3.97  0.889761  0.875066  0.7  1.1  0.00520211  0.0106741  -0.15  0.15
3.98  0.892285  0.879956  0.7  1.1  0.00312982  0.00588291  -0.15  0.15
3.99  0.894821  0.884857  0.7  1.1  0.00105483  0.00108907  -0.15  0.15
4  0.897367  0.889747  0.7  1.1  -0.00102021  -0.00362422  -0.15  0.15
4.01  0.89992  0.894644  0.7  1.1  -0.0030927  -0.00833496  -0.15  0.15
4.02  0.902478  0.899619  0.7  1.1  -0.00516004  -0.0131061  -0.15  0.15
4.03  0.905039  0.904597  0.7  1.1  -0.00721959  -0.0178694  -0.15  0.15
4.04  0.907601  0.909542  0.7  1.1  -0.00926872  -0.0225334  -0.15  0.15
4.05  0.91016  0.914485  0.7  1.1  -0.0113048  -0.0271844  -0.15  0.15
4.06  0.912716  0.919414  0.7  1.1  -0.0133254  -0.0318176  -0.15  0.15
4.07  0.915264  0.924338  0.7  1.1  -0.0153279  -0.0364327  -0.15  0.15
4.08  0.917804  0.929319  0.7  1.1  -0.0173096  -0.0409043  -0.15  0.15
4.09  0.920333  0.934288  0.7  1.1  -0.0192683  -0.0453528  -0.15  0.15
4.1  0.922848  0.939289  0.7  1.1  -0.0212014  -0.049651  -0.15  0.15
4.11  0.925347  0.944274  0.7  1.1  -0.0231067  -0.0539212  -0.15  0.15
4.12  0.927827  0.949037  0.7  1.1  -0.0249817  -0.0579102  -0.15  0.15
4.13  0.930287  0.953779  0.9  1.1  -0.0268246  -0.0618669  -0.15  -0.05
4.14  0.932723  0.95872  0.9  1.1  -0.028633  -0.0659142  -0.15  -0.05
4.15  0.935134  0.963635  0.9  1.1  -0.0304049  -0.0699249  -0.15  -0.05
4.16  0.937517  0.968188  0.9  1.1  -0.0321382  -0.072976  -0.15  -0.05
4.17  0.93987  0.972712  0.9  1.1  -0.0338316  -0.0759871  -0.15  -0.05
4.18  0.942191  0.976453  0.9  1.1  -0.0354836  -0.0784508  -0.15  -0.05
4.19  0.944479  0.980161  0.9  1.1  -0.0370936  -0.0808723  -0.15  -0.05
4.2  0.946731  0.983264  0.9  1.1  -0.0386608  -0.0828358  -0.15  -0.05
4.21  0.948948  0.986331  0.9  1.1  -0.0401846  -0.084756  -0.15  -0.05
4.22  0.951128  0.988843  0.9  1.1  -0.0416648  -0.0863399  -0.15  -0.05
4.23  0.953271  0.991317  0.9  1.1  -0.0431013  -0.0878801  -0.15  -0.05
4.24  0.955377  0.993406  0.9  1.1  -0.0444938  -0.0891195  -0.15  -0.05
4.25  0.957446  0.995457  0.9  1.1  -0.0458427  -0.0903152  -0.15  -0.05
4.26  0.959478  0.9971  0.9  1.1  -0.047148  -0.0913208  -0.15  -0.05
4.27  0.961472  0.998707  0.9  1.1  -0.04841  -0.0922831  -0.15  -0.05
4.28  0.963431  1  0.9  1.1  -0.0496291  -0.0930884  -0.15  -0.05
4.29  0.965353  1.00126  0.9  1.1  -0.0508055  -0.0938511  -0.15  -0.05
4.3  0.96724  1.00232  0.9  1.1  -0.0519398  -0.0944697  -0.15  -0.05
4.31  0.969093  1.00334  0.9  1.1  -0.0530324  -0.0950467  -0.15  -0.05
4.32  0.970912  1.00413  0.9  1.1  -0.0540838  -0.0955505  -0.15  -0.05
4.33  0.972699  1.00488  0.9  1.1  -0.0550946  -0.0960137  -0.15  -0.05
4.34  0.974454  1.00553  0.9  1.1  -0.0560653  -0.0963805  -0.15  -0.05
4.35  0.976179  1.00616  0.9  1.1  -0.0569965  -0.0967078  -0.15  -0.05
4.36  0.977875  1.00659  0.9  1.1  -0.0578887  -0.0970224  -0.15  -0.05
4.37  0.979542  1.00699  0.9  1.1  -0.0587427  -0.0972988  -0.15  -0.05
4.38  0.981182  1.00726  0.9  1.1  -0.0595588  -0.0975581  -0.15  -0.05
4.39  0.982797  1.00751  0.9  1.1  -0.0603377  -0.0977803  -0.15  -0.05
4.4  0.984388  1.00772  0.9  1.1  -0.0610799  -0.0979636  -0.15  -0.05
4.41  0.985956  1.00791  0.9  1.1  -0.0617859  -0.0981108  -0.15  -0.05
4.42  0.987502  1.00798  0.9  1.1  -0.0624564  -0.0982789  -0.15  -0.05
4.43  0.989028  1.00803  0.9  1.1  -0.0630917  -0.0984119  -0.15  -0.05
4.44  0.990536  1.0081  0.9  1.1  -0.0636924  -0.0985095  -0.15  -0.05
4.45  0.992026  1.00816  0.9  1.1  -0.064259  -0.0985729  -0.15  -0.05
4.46  0.993501  1.00809  0.9  1.1  -0.064792  -0.0986893  -0.15  -0.05
4.47  0.994961  1.008  0.9  1.1  -0.0652917  -0.0987725  -0.15  -0.05
4.48  0.996408  1.00786  0.9  1.1  -0.0657587  -0.0988858  -0.15  -0.05
4.49  0.997845  1.0077  0.9  1.1  -0.0661931  -0.0989665  -0.15  -0.05
4.5  0.999271  1.00757  0.9  1.1  -0.0665955  -0.0990347  -0.15  -0.05
4.51  1.00069  1.00744  0.9  1.1  -0.066966  -0.0990711  -0.15  -0.05
4.52  1.0021  1.00723  0.9  1.1  -0.0673051  -0.0991625  -0.15  -0.05
4.53  1.00351  1.007  0.9  1.1  -0.0676129  -0.0992228  -0.15  -0.05
4.54  1.00491  1.00687  0.9  1.1  -0.0678898  -0.0992544  -0.15  -0.05
4.55  1.00631  1.00673  0.9  1.1  -0.0681359  -0.0992553  -0.15  -0.05
4.56  1.00771  1.00647  0.9  1.1  -0.0683515  -0.0993379  -0.15  -0.05
4.57  1.00912  1.0062  0.9  1.1  -0.0685368  -0.0993902  -0.15  -0.05
4.58  1.01052  1.00589  0.9  1.1  -0.0686918  -0.0994883  -0.15  -0.05
4.59  1.01193  1.00558  0.9  1.1  -0.0688166  -0.0995562  -0.15  -0.05
4.6  1.01335  1.00535  0.9  1.1  -0.0689113  -0.0996088  -0.15  -0.05
4.61  1.01477  1.00512  0.9  1.1  -0.0689759  -0.0996313  -0.15  -0.05
4.62  1.01621  1.0048  0.9  1.1  -0.0690104  -0.0997248  -0.15  -0.05
4.63  1.01765  1.00449  0.9  1.1  -0.0690149  -0.0997881  -0.15  -0.05
4.64  1.01911  1.00431  0.9  1.1  -0.0689892  -0.0998101  -0.15  -0.05
4.65  1.02058  1.00414  0.9  1.1  -0.0689333  -0.0998019  -0.15  -0.05
4.66  1.02207  1.00382  0.9  1.1  -0.0688471  -0.0998937  -0.15  -0.05
4.67  1.02357  1.00351  0.9  1.1  -0.0687305  -0.0999551  -0.15  -0.05
4.68  1.0251  1.00315  0.9  1.1  -0.0685833  -0.100068  -0.15  -0.05
4.69  1.02665  1.00281  0.9  1.1  -0.0684052  -0.10015  -0.15  -0.05
4.7  1.02822  1.00257  0.9  1.1  -0.068196  -0.100204  -0.15  -0.05
4.71  1.02981  1.00235  0.9  1.1  -0.0679554  -0.100226  -0.15  -0.05
4.72  1.03143  1.00202  0.9  1.1  -0.0676833  -0.100327  -0.15  -0.05
4.73  1.03308  1.00172  0.9  1.1  -0.0673791  -0.100396  -0.15  -0.05
4.74  1.03477  1.00158  0.9  1.1  -0.0670425  -0.100408  -0.15  -0.05
4.75  1.03648  1.00147  0.9  1.1  -0.0666733  -0.100387  -0.15  -0.05
4.76  1.03823  1.00119  0.9  1.1  -0.066271  -0.10047  -0.15  -0.05
4.77  1.04002  1.00094  0.9  1.1  -0.0658352  -0.10052  -0.15  -0.05
4.78  1.04184  1.00065  0.9  1.1  -0.0653653  -0.100615  -0.15  -0.05
4.79  1.0437  1.00039  0.9  1.1  -0.064861  -0.100675  -0.15  -0.05
4.8  1.04561  1.00026  0.9  1.1  -0.0643215  -0.100693  -0.15  -0.05
4.81  1.04756  1.00017  0.9  1.1  -0.0637464  -0.100675  -0.15  -0.05
4.82  1.04956  0.999994  0.9  1.1  -0.0631351  -0.100716  -0.15  -0.05
4.83  1.0516  0.99987  0.9  1.1  -0.0624869  -0.100719  -0.15  -0.05
4.84  1.0537  0.999885  0.9  1.1  -0.0618013  -0.100669  -0.15  -0.05
4.85  1.05585  0.999952  0.9  1.1  -0.0610776  -0.100582  -0.15  -0.05
4.86  1.05805  0.999972  0.9  1.1  -0.0603152  -0.100533  -0.15  -0.05
4.87  1.06031  1.00005  0.9  1.1  -0.0595134  -0.100445  -0.15  -0.05
4.88  1.06263  1.00018  0.9  1.1  -0.0586714  -0.100346  -0.15  -0.05
4.89  1.06501  1.00037  0.9  1.1  -0.0577886  -0.100205  -0.15  -0.05
4.9  1.06746  1.00068  0.9  1.1  -0.0568643  -0.100018  -0.15  -0.05
4.91  1.06997  1.00105  0.9  1.1  -0.0558976  -0.0997879  -0.15  -0.05
4.92  1.07255  1.00163  0.9  1.1  -0.054888  -0.0994687  -0.15  -0.05
4.93  1.07519  1.00228  0.9  1.1  -0.0538346  -0.0991059  -0.15  -0.05
4.94  1.07791  1.00285  0.9  1.1  -0.0527369  -0.0987942  -0.15  -0.05
4.95  1.0807  1.0035  0.9  1.1  -0.051594  -0.0984374  -0.15  -0.05
4.96  1.08357  1.00482  0.9  1.1  -0.0504053  -0.0977535  -0.15  -0.05
4.97  1.08652  1.00621  0.9  1.1  -0.0491702  -0.0970231  -0.15  -0.05
4.98  1.08954  1.00819  0.9  1.1  -0.0478882  -0.0960131  -0.15  -0.05
4.99  1.09264  1.01025  0.9  1.5  -0.046559  -0.094956  -0.15  0.15
5  1.09583  1.01232  0.9  1.5  -0.0451824  -0.0939002  -0.15  0.15
