tc   x    zmpx    ubx   lbx   y    zmpy    uby   lby
0  0  0  -0.15  0.15  0  0  -0.1  0.1
0.01  7.03091e-06  -0.0102421  -0.15  0.15  0  0  -0.1  0.1
0.02  4.29598e-05  -0.0186558  -0.15  0.15  0  0  -0.1  0.1
0.03  0.000127754  -0.0254365  -0.15  0.15  0  0  -0.1  0.1
0.04  0.000277589  -0.0307584  -0.15  0.15  0  0  -0.1  0.1
0.05  0.000505302  -0.0347772  -0.15  0.15  0  0  -0.1  0.1
0.06  0.000820801  -0.0376326  -0.15  0.15  0  0  -0.1  0.1
0.07  0.00123142  -0.0394508  -0.15  0.15  0  0  -0.1  0.1
0.08  0.00174223  -0.0403457  -0.15  0.15  0  0  -0.1  0.1
0.09  0.00235636  -0.0404214  -0.15  0.15  0  0  -0.1  0.1
0.1  0.00307521  -0.0397726  -0.15  0.15  0  0  -0.1  0.1
0.11  0.0038987  -0.0384866  -0.15  0.15  0  0  -0.1  0.1
0.12  0.0048255  -0.0366433  -0.15  0.15  0  0  -0.1  0.1
0.13  0.00585319  -0.0343163  -0.15  0.15  0  0  -0.1  0.1
0.14  0.00697843  -0.0315733  -0.15  0.15  0  0  -0.1  0.1
0.15  0.00819716  -0.028476  -0.15  0.15  0  0  -0.1  0.1
0.16  0.00950467  -0.0250803  -0.15  0.15  0  0  -0.1  0.1
0.17  0.0108958  -0.0214359  -0.15  0.15  0  0  -0.1  0.1
0.18  0.0123649  -0.0175869  -0.15  0.15  0  0  -0.1  0.1
0.19  0.0139062  -0.0135726  -0.15  0.15  0  0  -0.1  0.1
0.2  0.0155135  -0.00942778  -0.15  0.15  0  0  -0.1  0.1
0.21  0.0171807  -0.00518356  -0.15  0.15  0  0  -0.1  0.1
0.22  0.0189014  -0.000867693  -0.15  0.15  0  0  -0.1  0.1
0.23  0.0206693  0.0034949  -0.15  0.15  0  0  -0.1  0.1
0.24  0.022478  0.00788169  -0.15  0.15  0  0  -0.1  0.1
0.25  0.0243212  0.0122722  -0.15  0.15  0  0  -0.1  0.1
0.26  0.0261927  0.0166476  -0.15  0.15  0  0  -0.1  0.1
0.27  0.0280864  0.0209905  -0.15  0.15  0  0  -0.1  0.1
0.28  0.0299963  0.0252843  -0.15  0.15  0  0  -0.1  0.1
0.29  0.0319167  0.0295135  -0.15  0.15  0  0  -0.1  0.1
0.3  0.0338418  0.0336628  -0.15  0.15  0  0  -0.1  0.1
0.31  0.0357664  0.0377178  -0.15  0.15  7.88798e-10  -1.14906e-06  -0.1  0.1
0.32  0.0376852  0.0416681  -0.15  0.15  1.04374e-08  -1.02764e-05  -0.1  0.1
0.33  0.0395934  0.0455087  -0.15  0.15  6.50748e-08  -4.1675e-05  -0.1  0.1
0.34  0.0414861  0.0492393  -0.15  0.15  2.66627e-07  -0.000115549  -0.1  0.1
0.35  0.0433591  0.0528617  -0.15  0.15  8.32929e-07  -0.000254226  -0.1  0.1
0.36  0.0452079  0.0563772  -0.15  0.15  2.15056e-06  -0.000476999  -0.1  0.1
0.37  0.0470286  0.0597831  -0.15  0.15  4.81802e-06  -0.000794782  -0.1  0.1
0.38  0.0488174  0.0630732  -0.15  0.15  9.66964e-06  -0.00120969  -0.1  0.1
0.39  0.0505706  0.0662393  -0.15  0.15  1.77802e-05  -0.00171735  -0.1  0.1
0.4  0.0522847  0.0692728  -0.15  0.15  3.04552e-05  -0.00230876  -0.1  0.1
0.41  0.0539566  0.0721655  -0.15  0.15  4.92107e-05  -0.00297185  -0.1  0.1
0.42  0.0555834  0.074911  -0.15  0.15  7.57467e-05  -0.00369265  -0.1  0.1
0.43  0.0571624  0.0775038  -0.15  0.15  0.000111917  -0.00445551  -0.1  0.1
0.44  0.0586911  0.0799387  -0.15  0.15  0.000159693  -0.00524117  -0.1  0.1
0.45  0.0601674  0.0822084  -0.15  0.15  0.000221117  -0.00602472  -0.1  0.1
0.46  0.0615894  0.0843039  -0.15  0.15  0.000298245  -0.00677578  -0.1  0.1
0.47  0.0629555  0.0862148  -0.15  0.15  0.000393078  -0.00746099  -0.1  0.1
0.48  0.0642644  0.0879324  -0.15  0.15  0.000507482  -0.00804817  -0.1  0.1
0.49  0.0655152  0.0894514  0.05  0.15  0.000643121  -0.00851129  -0.1  0.1
0.5  0.0667074  0.0907725  0.05  0.15  0.0008014  -0.00883463  -0.1  0.1
0.51  0.0678406  0.0919013  0.05  0.15  0.00098344  -0.00901172  -0.1  0.1
0.52  0.068915  0.0928474  0.05  0.15  0.00119006  -0.00904315  -0.1  0.1
0.53  0.0699309  0.0936227  0.05  0.15  0.00142179  -0.00893478  -0.1  0.1
0.54  0.0708889  0.0942412  0.05  0.15  0.00167888  -0.00869634  -0.1  0.1
0.55  0.0717899  0.0947177  0.05  0.15  0.00196134  -0.00834016  -0.1  0.1
0.56  0.072635  0.0950674  0.05  0.15  0.00226895  -0.00788029  -0.1  0.1
0.57  0.0734254  0.0953058  0.05  0.15  0.0026013  -0.00733169  -0.1  0.1
0.58  0.0741626  0.095448  0.05  0.15  0.00295785  -0.00670962  -0.1  0.1
0.59  0.0748478  0.0955083  0.05  0.15  0.00333793  -0.00602923  -0.1  0.1
0.6  0.0754828  0.0955005  0.05  0.15  0.0037408  -0.00530516  -0.1  0.1
0.61  0.0760691  0.0954374  0.05  0.15  0.00416567  -0.0045513  -0.1  0.1
0.62  0.0766082  0.0953308  0.05  0.15  0.00461174  -0.00378058  -0.1  0.1
0.63  0.0771018  0.0951917  0.05  0.15  0.00507822  -0.00300489  -0.1  0.1
0.64  0.0775513  0.0950296  0.05  0.15  0.00556437  -0.002235  -0.1  0.1
0.65  0.0779583  0.0948535  0.05  0.15  0.00606951  -0.00148049  -0.1  0.1
0.66  0.0783242  0.0946711  0.05  0.15  0.00659306  -0.000749791  -0.1  0.1
0.67  0.0786502  0.0944891  0.05  0.15  0.00713452  -5.01893e-05  -0.1  0.1
0.68  0.0789377  0.0943134  0.05  0.15  0.00769356  0.000612129  -0.1  0.1
0.69  0.0791877  0.094149  0.05  0.15  0.00826993  0.00123202  -0.1  0.1
0.7  0.0794012  0.0940001  0.05  0.15  0.00886356  0.00180534  -0.1  0.1
0.71  0.0795791  0.0938701  0.05  0.15  0.00947455  0.00232883  -0.1  0.1
0.72  0.079722  0.0937618  0.05  0.15  0.0101031  0.0028001  -0.1  0.1
0.73  0.0798307  0.0936774  0.05  0.15  0.0107497  0.00321752  -0.1  0.1
0.74  0.0799055  0.0936183  0.05  0.15  0.011415  0.00358018  -0.1  0.1
0.75  0.0799467  0.0935857  0.05  0.15  0.0120996  0.00388779  -0.1  0.1
0.76  0.0799545  0.0935801  0.05  0.15  0.0128045  0.00414061  -0.1  0.1
0.77  0.0799289  0.0936018  0.05  0.15  0.013531  0.00433946  -0.1  0.1
0.78  0.0798697  0.0936505  0.05  0.15  0.0142803  0.00448556  -0.1  0.1
0.79  0.0797767  0.0937257  0.05  0.15  0.0150539  0.00458059  -0.1  0.1
0.8  0.0796493  0.0938266  0.05  0.15  0.0158536  0.00462655  -0.1  0.1
0.81  0.0794871  0.0939521  0.05  0.15  0.0166812  0.0046258  -0.1  0.1
0.82  0.0792893  0.094101  0.05  0.15  0.0175388  0.00458099  -0.1  0.1
0.83  0.0790549  0.0942716  0.05  0.15  0.0184287  0.00449502  -0.1  0.1
0.84  0.0787831  0.0944622  0.05  0.15  0.0193532  0.0043711  -0.1  0.1
0.85  0.0784725  0.0946708  0.05  0.15  0.020315  0.00421263  -0.1  0.1
0.86  0.078122  0.0948954  0.05  0.15  0.0213168  0.00402331  -0.1  0.1
0.87  0.0777301  0.0951335  0.05  0.15  0.0223616  0.00380705  -0.1  0.1
0.88  0.0772951  0.0953827  0.05  0.15  0.0234526  0.00356805  -0.1  0.1
0.89  0.0768155  0.0956401  0.05  0.15  0.024593  0.00331078  -0.1  0.1
0.9  0.0762894  0.0959029  0.05  0.15  0.0257862  0.00304002  -0.1  0.1
0.91  0.0757148  0.0961678  0.05  0.15  0.0270359  0.00276089  -0.1  0.1
0.92  0.0750897  0.0964313  0.05  0.15  0.0283459  0.00247891  -0.1  0.1
0.93  0.0744118  0.0966897  0.05  0.15  0.0297201  0.00220002  -0.1  0.1
0.94  0.0736788  0.0969388  0.05  0.15  0.0311626  0.00193066  -0.1  0.1
0.95  0.0728883  0.097174  0.05  0.15  0.0326775  0.00167786  -0.1  0.1
0.96  0.0720378  0.0973904  0.05  0.15  0.0342694  0.00144927  -0.1  0.1
0.97  0.0711246  0.0975826  0.05  0.15  0.0359425  0.00125331  -0.1  0.1
0.98  0.0701461  0.0977444  0.05  0.15  0.0377016  0.00109924  -0.1  0.1
0.99  0.0690993  0.0978692  0.05  0.15  0.0395513  0.000997258  -0.1  0.1
1  0.0679815  0.0979495  0.05  0.15  0.0414965  0.000958697  -0.1  0.1
1.01  0.0667896  0.0979771  0.05  0.15  0.0435419  0.000996114  -0.1  0.1
1.02  0.0655207  0.0979427  0.05  0.15  0.0456926  0.00112348  -0.1  0.1
1.03  0.0641718  0.097836  0.05  0.15  0.0479535  0.00135637  -0.1  0.1
1.04  0.0627398  0.0976456  0.05  0.15  0.0503295  0.00171214  -0.1  0.1
1.05  0.0612217  0.0973586  0.05  0.15  0.0528257  0.00221018  -0.1  0.1
1.06  0.0596145  0.0969605  0.05  0.15  0.0554467  0.00287218  -0.1  0.1
1.07  0.0579151  0.0964354  0.05  0.15  0.0581976  0.00372236  -0.1  0.1
1.08  0.0561209  0.0957653  0.05  0.15  0.0610827  0.00478786  -0.1  0.1
1.09  0.0542291  0.0949298  0.05  0.15  0.0641066  0.00609899  -0.1  0.1
1.1  0.052237  0.0939066  0.05  0.15  0.0672734  0.0076897  -0.1  0.1
1.11  0.0501425  0.0926702  0.05  0.15  0.0705867  0.00959798  -0.1  0.1
1.12  0.0479434  0.0911926  0.05  0.15  0.0740501  0.0118663  -0.1  0.1
1.13  0.0456382  0.0894419  0.05  0.15  0.0776662  0.0145422  -0.1  0.1
1.14  0.0432255  0.0873829  0.05  0.15  0.0814372  0.0176787  -0.1  0.1
1.15  0.0407046  0.084976  0.05  0.15  0.0853645  0.0213353  -0.1  0.1
1.16  0.0380754  0.0821771  0.05  0.15  0.0894485  0.0255783  -0.1  0.1
1.17  0.0353384  0.0789367  0.05  0.15  0.0936886  0.0304818  -0.1  0.1
1.18  0.0324952  0.0751999  0.05  0.15  0.0980828  0.0361284  -0.1  0.1
1.19  0.0295481  0.070905  -0.15  0.15  0.102628  0.0426105  -0.1  0.4
1.2  0.0265006  0.0659836  -0.15  0.15  0.107318  0.0500311  -0.1  0.4
1.21  0.0233578  0.0603645  -0.15  0.15  0.112147  0.0584945  -0.1  0.4
1.22  0.0201259  0.0539972  -0.15  0.15  0.117105  0.0680628  -0.1  0.4
1.23  0.0168131  0.0468709  -0.15  0.15  0.12218  0.0787237  -0.1  0.4
1.24  0.013429  0.039024  -0.15  0.15  0.127358  0.0903794  -0.1  0.4
1.25  0.00998469  0.0305423  -0.15  0.15  0.132623  0.102856  -0.1  0.4
1.26  0.00649284  0.0215459  -0.15  0.15  0.137957  0.115936  -0.1  0.4
1.27  0.00296704  0.0121668  -0.15  0.15  0.143341  0.129399  -0.1  0.4
1.28  -0.000578274  0.00253867  -0.15  0.15  0.148755  0.14304  -0.1  0.4
1.29  -0.00412817  -0.00720288  -0.15  0.15  0.15418  0.156664  -0.1  0.4
1.3  -0.0076675  -0.01692  -0.15  0.15  0.159594  0.170083  -0.1  0.4
1.31  -0.0111812  -0.026472  -0.15  0.15  0.164979  0.183111  -0.1  0.4
1.32  -0.0146547  -0.0357142  -0.15  0.15  0.170316  0.195557  -0.1  0.4
1.33  -0.0180741  -0.044501  -0.15  0.15  0.175588  0.207235  -0.1  0.4
1.34  -0.0214264  -0.0526984  -0.15  0.15  0.18078  0.217982  -0.1  0.4
1.35  -0.0247002  -0.0602019  -0.15  0.15  0.185879  0.227693  -0.1  0.4
1.36  -0.0278854  -0.0669505  -0.15  0.15  0.190873  0.236334  -0.1  0.4
1.37  -0.0309735  -0.0729302  -0.15  0.15  0.195756  0.243954  -0.1  0.4
1.38  -0.0339579  -0.0781687  -0.15  0.15  0.200519  0.250657  -0.1  0.4
1.39  -0.0368333  -0.0827192  -0.15  -0.05  0.205159  0.256575  0.2  0.4
1.4  -0.0395958  -0.0866397  -0.15  -0.05  0.209673  0.261827  0.2  0.4
1.41  -0.0422428  -0.0899868  -0.15  -0.05  0.214059  0.266511  0.2  0.4
1.42  -0.0447727  -0.0928154  -0.15  -0.05  0.218317  0.270708  0.2  0.4
1.43  -0.0471851  -0.0951781  -0.15  -0.05  0.222446  0.274485  0.2  0.4
1.44  -0.04948  -0.0971247  -0.15  -0.05  0.226448  0.277898  0.2  0.4
1.45  -0.0516586  -0.0987023  -0.15  -0.05  0.230325  0.280991  0.2  0.4
1.46  -0.0537224  -0.0999546  -0.15  -0.05  0.234078  0.283804  0.2  0.4
1.47  -0.0556734  -0.100922  -0.15  -0.05  0.23771  0.286367  0.2  0.4
1.48  -0.0575142  -0.101643  -0.15  -0.05  0.241223  0.288705  0.2  0.4
1.49  -0.0592474  -0.102151  -0.15  -0.05  0.24462  0.290841  0.2  0.4
1.5  -0.0608762  -0.102478  -0.15  -0.05  0.247905  0.292792  0.2  0.4
1.51  -0.0624037  -0.102652  -0.15  -0.05  0.251081  0.294573  0.2  0.4
1.52  -0.0638333  -0.102699  -0.15  -0.05  0.25415  0.296196  0.2  0.4
1.53  -0.0651684  -0.102642  -0.15  -0.05  0.257118  0.297673  0.2  0.4
1.54  -0.0664123  -0.102501  -0.15  -0.05  0.259987  0.299012  0.2  0.4
1.55  -0.0675685  -0.102295  -0.15  -0.05  0.262761  0.300221  0.2  0.4
1.56  -0.0686402  -0.102039  -0.15  -0.05  0.265444  0.301309  0.2  0.4
1.57  -0.0696307  -0.101747  -0.15  -0.05  0.26804  0.30228  0.2  0.4
1.58  -0.0705432  -0.101433  -0.15  -0.05  0.270553  0.303142  0.2  0.4
1.59  -0.0713805  -0.101106  -0.15  -0.05  0.272986  0.3039  0.2  0.4
1.6  -0.0721455  -0.100775  -0.15  -0.05  0.275345  0.304559  0.2  0.4
1.61  -0.0728409  -0.100448  -0.15  -0.05  0.277634  0.305124  0.2  0.4
1.62  -0.073469  -0.100131  -0.15  -0.05  0.279855  0.305599  0.2  0.4
1.63  -0.0740323  -0.0998303  -0.15  -0.05  0.282015  0.30599  0.2  0.4
1.64  -0.0745327  -0.0995494  -0.15  -0.05  0.284117  0.306301  0.2  0.4
1.65  -0.0749722  -0.0992917  -0.15  -0.05  0.286165  0.306537  0.2  0.4
1.66  -0.0753523  -0.0990598  -0.15  -0.05  0.288164  0.306702  0.2  0.4
1.67  -0.0756746  -0.0988556  -0.15  -0.05  0.290119  0.306799  0.2  0.4
1.68  -0.0759403  -0.0986802  -0.15  -0.05  0.292034  0.306835  0.2  0.4
1.69  -0.0761505  -0.0985344  -0.15  -0.05  0.293913  0.306812  0.2  0.4
1.7  -0.0763059  -0.0984183  -0.15  -0.05  0.295762  0.306736  0.2  0.4
1.71  -0.0764073  -0.0983315  -0.15  -0.05  0.297585  0.30661  0.2  0.4
1.72  -0.0764549  -0.0982734  -0.15  -0.05  0.299386  0.306438  0.2  0.4
1.73  -0.0764491  -0.0982429  -0.15  -0.05  0.301172  0.306226  0.2  0.4
1.74  -0.0763899  -0.0982387  -0.15  -0.05  0.302946  0.305976  0.2  0.4
1.75  -0.076277  -0.098259  -0.15  -0.05  0.304714  0.305695  0.2  0.4
1.76  -0.0761102  -0.098302  -0.15  -0.05  0.30648  0.305385  0.2  0.4
1.77  -0.0758889  -0.0983654  -0.15  -0.05  0.30825  0.305052  0.2  0.4
1.78  -0.0756122  -0.0984467  -0.15  -0.05  0.310029  0.3047  0.2  0.4
1.79  -0.0752795  -0.0985432  -0.15  -0.05  0.311822  0.304334  0.2  0.4
1.8  -0.0748894  -0.0986519  -0.15  -0.05  0.313634  0.30396  0.2  0.4
1.81  -0.0744409  -0.0987695  -0.15  -0.05  0.315471  0.303582  0.2  0.4
1.82  -0.0739324  -0.0988923  -0.15  -0.05  0.317339  0.303206  0.2  0.4
1.83  -0.0733625  -0.0990165  -0.15  -0.05  0.319242  0.302838  0.2  0.4
1.84  -0.0727293  -0.0991378  -0.15  -0.05  0.321186  0.302484  0.2  0.4
1.85  -0.072031  -0.0992514  -0.15  -0.05  0.323178  0.302152  0.2  0.4
1.86  -0.0712655  -0.0993521  -0.15  -0.05  0.325222  0.301849  0.2  0.4
1.87  -0.0704308  -0.0994344  -0.15  -0.05  0.327324  0.301584  0.2  0.4
1.88  -0.0695246  -0.0994919  -0.15  -0.05  0.329491  0.301365  0.2  0.4
1.89  -0.0685444  -0.0995178  -0.15  -0.05  0.331728  0.301202  0.2  0.4
1.9  -0.0674878  -0.0995044  -0.15  -0.05  0.334041  0.301108  0.2  0.4
1.91  -0.0663523  -0.0994432  -0.15  -0.05  0.336436  0.301093  0.2  0.4
1.92  -0.0651351  -0.0993248  -0.15  -0.05  0.338918  0.301173  0.2  0.4
1.93  -0.0638337  -0.0991386  -0.15  -0.05  0.341494  0.301362  0.2  0.4
1.94  -0.0624451  -0.098873  -0.15  -0.05  0.34417  0.301677  0.2  0.4
1.95  -0.0609668  -0.098515  -0.15  -0.05  0.346951  0.302138  0.2  0.4
1.96  -0.059396  -0.0980498  -0.15  -0.05  0.349842  0.302767  0.2  0.4
1.97  -0.0577299  -0.0974614  -0.15  -0.05  0.35285  0.303586  0.2  0.4
1.98  -0.055966  -0.0967314  -0.15  -0.05  0.35598  0.304624  0.2  0.4
1.99  -0.0541017  -0.0958396  -0.15  -0.05  0.359237  0.305911  0.2  0.4
2  -0.0521348  -0.0947631  -0.15  -0.05  0.362625  0.307479  0.2  0.4
2.01  -0.050063  -0.0934766  -0.15  -0.05  0.366149  0.309368  0.2  0.4
2.02  -0.0478846  -0.0919517  -0.15  -0.05  0.369813  0.311619  0.2  0.4
2.03  -0.0455981  -0.0901565  -0.15  -0.05  0.373619  0.314279  0.2  0.4
2.04  -0.0432022  -0.0880555  -0.15  -0.05  0.377572  0.317402  0.2  0.4
2.05  -0.0406965  -0.0856091  -0.15  -0.05  0.381672  0.321047  0.2  0.4
2.06  -0.0380809  -0.082773  -0.15  -0.05  0.385921  0.325281  0.2  0.4
2.07  -0.0353562  -0.0794976  -0.15  -0.05  0.390317  0.330176  0.2  0.4
2.08  -0.0325238  -0.0757278  -0.15  -0.05  0.394861  0.335816  0.2  0.4
2.09  -0.0295863  -0.071402  -0.15  0.15  0.399548  0.342293  0.2  0.7
2.1  -0.0265475  -0.0664513  -0.15  0.15  0.404374  0.349709  0.2  0.7
2.11  -0.0234122  -0.0608048  -0.15  0.15  0.409332  0.358169  0.2  0.7
2.12  -0.020187  -0.0544116  -0.15  0.15  0.414413  0.367736  0.2  0.7
2.13  -0.01688  -0.0472611  -0.15  0.15  0.419605  0.378396  0.2  0.7
2.14  -0.0135008  -0.0393914  -0.15  0.15  0.424895  0.390051  0.2  0.7
2.15  -0.0100609  -0.0308882  -0.15  0.15  0.430267  0.402529  0.2  0.7
2.16  -0.00657265  -0.0218716  -0.15  0.15  0.435703  0.41561  0.2  0.7
2.17  -0.00304991  -0.0124735  -0.15  0.15  0.441184  0.429074  0.2  0.7
2.18  0.000492887  -0.00282748  -0.15  0.15  0.446691  0.442718  0.2  0.7
2.19  0.00404075  0.00693086  -0.15  0.15  0.452204  0.456345  0.2  0.7
2.2  0.00757851  0.0166638  -0.15  0.15  0.457703  0.469768  0.2  0.7
2.21  0.0110911  0.0262306  -0.15  0.15  0.463168  0.482799  0.2  0.7
2.22  0.0145637  0.0354868  -0.15  0.15  0.468582  0.49525  0.2  0.7
2.23  0.0179826  0.0442867  -0.15  0.15  0.473928  0.506933  0.2  0.7
2.24  0.0213347  0.0524964  -0.15  0.15  0.47919  0.517685  0.2  0.7
2.25  0.0246086  0.0600115  -0.15  0.15  0.484356  0.527401  0.2  0.7
2.26  0.0277941  0.066771  -0.15  0.15  0.489415  0.536048  0.2  0.7
2.27  0.0308828  0.0727609  -0.15  0.15  0.494358  0.543673  0.2  0.7
2.28  0.0338679  0.078009  -0.15  0.15  0.49918  0.550381  0.2  0.7
2.29  0.0367441  0.0825686  0.05  0.15  0.503876  0.556306  0.5  0.7
2.3  0.0395076  0.0864976  0.05  0.15  0.508444  0.561564  0.5  0.7
2.31  0.0421558  0.0898527  0.05  0.15  0.512881  0.566254  0.5  0.7
2.32  0.044687  0.0926889  0.05  0.15  0.517187  0.570456  0.5  0.7
2.33  0.0471007  0.0950586  0.05  0.15  0.521364  0.574239  0.5  0.7
2.34  0.0493971  0.0970119  0.05  0.15  0.525411  0.577658  0.5  0.7
2.35  0.0515772  0.0985958  0.05  0.15  0.52933  0.580758  0.5  0.7
2.36  0.0536425  0.099854  0.05  0.15  0.533124  0.583576  0.5  0.7
2.37  0.0555952  0.100827  0.05  0.15  0.536795  0.586145  0.5  0.7
2.38  0.0574376  0.101553  0.05  0.15  0.540346  0.58849  0.5  0.7
2.39  0.0591725  0.102067  0.05  0.15  0.543779  0.590632  0.5  0.7
2.4  0.060803  0.102398  0.05  0.15  0.547098  0.592588  0.5  0.7
2.41  0.0623322  0.102577  0.05  0.15  0.550307  0.594375  0.5  0.7
2.42  0.0637636  0.102628  0.05  0.15  0.553408  0.596004  0.5  0.7
2.43  0.0651004  0.102574  0.05  0.15  0.556406  0.597486  0.5  0.7
2.44  0.0663461  0.102437  0.05  0.15  0.559304  0.598831  0.5  0.7
2.45  0.067504  0.102234  0.05  0.15  0.562105  0.600046  0.5  0.7
2.46  0.0685774  0.101981  0.05  0.15  0.564815  0.601138  0.5  0.7
2.47  0.0695697  0.101693  0.05  0.15  0.567436  0.602115  0.5  0.7
2.48  0.0704838  0.101381  0.05  0.15  0.569974  0.602982  0.5  0.7
2.49  0.0713228  0.101057  0.05  0.15  0.572431  0.603745  0.5  0.7
2.5  0.0720895  0.100728  0.05  0.15  0.574812  0.604408  0.5  0.7
2.51  0.0727865  0.100404  0.05  0.15  0.577122  0.604978  0.5  0.7
2.52  0.0734163  0.10009  0.05  0.15  0.579364  0.605458  0.5  0.7
2.53  0.0739811  0.0997908  0.05  0.15  0.581543  0.605854  0.5  0.7
2.54  0.0744831  0.0995119  0.05  0.15  0.583664  0.606169  0.5  0.7
2.55  0.074924  0.0992561  0.05  0.15  0.58573  0.606409  0.5  0.7
2.56  0.0753057  0.099026  0.05  0.15  0.587747  0.606578  0.5  0.7
2.57  0.0756294  0.0988235  0.05  0.15  0.589718  0.60668  0.5  0.7
2.58  0.0758966  0.0986498  0.05  0.15  0.591649  0.606719  0.5  0.7
2.59  0.0761081  0.0985055  0.05  0.15  0.593544  0.606701  0.5  0.7
2.6  0.0762649  0.0983908  0.05  0.15  0.595407  0.606628  0.5  0.7
2.61  0.0763676  0.0983054  0.05  0.15  0.597244  0.606505  0.5  0.7
2.62  0.0764165  0.0982486  0.05  0.15  0.59906  0.606337  0.5  0.7
2.63  0.076412  0.0982193  0.05  0.15  0.600858  0.606128  0.5  0.7
2.64  0.076354  0.0982163  0.05  0.15  0.602644  0.605882  0.5  0.7
2.65  0.0762423  0.0982377  0.05  0.15  0.604424  0.605604  0.5  0.7
2.66  0.0760767  0.0982817  0.05  0.15  0.606202  0.605297  0.5  0.7
2.67  0.0758565  0.0983461  0.05  0.15  0.607983  0.604967  0.5  0.7
2.68  0.075581  0.0984284  0.05  0.15  0.609772  0.604619  0.5  0.7
2.69  0.0752492  0.0985257  0.05  0.15  0.611575  0.604256  0.5  0.7
2.7  0.0748603  0.0986353  0.05  0.15  0.613397  0.603884  0.5  0.7
2.71  0.0744127  0.0987536  0.05  0.15  0.615244  0.603508  0.5  0.7
2.72  0.0739052  0.0988772  0.05  0.15  0.61712  0.603135  0.5  0.7
2.73  0.0733362  0.0990021  0.05  0.15  0.619032  0.602769  0.5  0.7
2.74  0.0727039  0.099124  0.05  0.15  0.620985  0.602418  0.5  0.7
2.75  0.0720065  0.0992383  0.05  0.15  0.622984  0.602089  0.5  0.7
2.76  0.0712419  0.0993397  0.05  0.15  0.625036  0.601788  0.5  0.7
2.77  0.070408  0.0994225  0.05  0.15  0.627146  0.601525  0.5  0.7
2.78  0.0695026  0.0994806  0.05  0.15  0.629319  0.601308  0.5  0.7
2.79  0.0685232  0.099507  0.05  0.15  0.631563  0.601148  0.5  0.7
2.8  0.0674674  0.0994941  0.05  0.15  0.633882  0.601055  0.5  0.7
2.81  0.0663326  0.0994334  0.05  0.15  0.636283  0.601042  0.5  0.7
2.82  0.0651161  0.0993154  0.05  0.15  0.638772  0.601124  0.5  0.7
2.83  0.0638153  0.0991296  0.05  0.15  0.641354  0.601314  0.5  0.7
2.84  0.0624275  0.0988644  0.05  0.15  0.644035  0.601632  0.5  0.7
2.85  0.0609498  0.0985068  0.05  0.15  0.646821  0.602094  0.5  0.7
2.86  0.0593796  0.098042  0.05  0.15  0.649718  0.602724  0.5  0.7
2.87  0.0577141  0.0974539  0.05  0.15  0.652731  0.603546  0.5  0.7
2.88  0.0559507  0.0967243  0.05  0.15  0.655865  0.604585  0.5  0.7
2.89  0.054087  0.0958328  0.05  0.15  0.659126  0.605873  0.5  0.7
2.9  0.0521206  0.0947566  0.05  0.15  0.662519  0.607443  0.5  0.7
2.91  0.0500494  0.0934704  0.05  0.15  0.666047  0.609333  0.5  0.7
2.92  0.0478715  0.0919457  0.05  0.15  0.669714  0.611585  0.5  0.7
2.93  0.0455854  0.0901508  0.05  0.15  0.673525  0.614247  0.5  0.7
2.94  0.04319  0.0880501  0.05  0.15  0.677481  0.617371  0.5  0.7
2.95  0.0406848  0.0856039  0.05  0.15  0.681585  0.621017  0.5  0.7
2.96  0.0380696  0.082768  0.05  0.15  0.685837  0.625252  0.5  0.7
2.97  0.0353453  0.0794929  0.05  0.15  0.690237  0.630148  0.5  0.7
2.98  0.0325133  0.0757233  0.05  0.15  0.694783  0.635789  0.5  0.7
2.99  0.0295763  0.0713976  -0.15  0.15  0.699474  0.642267  0.5  1
3  0.0265378  0.0664471  -0.15  0.15  0.704302  0.649684  0.5  1
3.01  0.0234029  0.0608007  -0.15  0.15  0.709263  0.658145  0.5  1
3.02  0.020178  0.0544078  -0.15  0.15  0.714347  0.667713  0.5  1
3.03  0.0168713  0.0472574  -0.15  0.15  0.719542  0.678373  0.5  1
3.04  0.0134925  0.0393878  -0.15  0.15  0.724834  0.69003  0.5  1
3.05  0.0100528  0.0308848  -0.15  0.15  0.730209  0.702508  0.5  1
3.06  0.00656492  0.0218683  -0.15  0.15  0.735647  0.71559  0.5  1
3.07  0.00304247  0.0124704  -0.15  0.15  0.74113  0.729055  0.5  1
3.08  -0.000500047  0.00282451  -0.15  0.15  0.746639  0.7427  0.5  1
3.09  -0.00404764  -0.0069337  -0.15  0.15  0.752154  0.756328  0.5  1
3.1  -0.00758514  -0.0166665  -0.15  0.15  0.757654  0.769751  0.5  1
3.11  -0.0110974  -0.0262332  -0.15  0.15  0.763122  0.782783  0.5  1
3.12  -0.0145699  -0.0354893  -0.15  0.15  0.768538  0.795234  0.5  1
3.13  -0.0179885  -0.0442891  -0.15  0.15  0.773885  0.806918  0.5  1
3.14  -0.0213404  -0.0524987  -0.15  0.15  0.779149  0.817671  0.5  1
3.15  -0.0246141  -0.0600137  -0.15  0.15  0.784316  0.827387  0.5  1
3.16  -0.0277993  -0.0667731  -0.15  0.15  0.789377  0.836034  0.5  1
3.17  -0.0308878  -0.0727629  -0.15  0.15  0.794322  0.84366  0.5  1
3.18  -0.0338727  -0.0780109  -0.15  0.15  0.799145  0.850369  0.5  1
3.19  -0.0367488  -0.0825705  -0.15  -0.05  0.803843  0.856294  0.8  1
3.2  -0.0395122  -0.0864994  -0.15  -0.05  0.808411  0.861552  0.8  1
3.21  -0.0421601  -0.0898545  -0.15  -0.05  0.81285  0.866243  0.8  1
3.22  -0.0446912  -0.0926905  -0.15  -0.05  0.817157  0.870446  0.8  1
3.23  -0.0471047  -0.0950602  -0.15  -0.05  0.821335  0.874229  0.8  1
3.24  -0.0494009  -0.0970135  -0.15  -0.05  0.825383  0.877648  0.8  1
3.25  -0.0515809  -0.0985972  -0.15  -0.05  0.829304  0.880748  0.8  1
3.26  -0.0536461  -0.0998554  -0.15  -0.05  0.833099  0.883567  0.8  1
3.27  -0.0555986  -0.100829  -0.15  -0.05  0.83677  0.886136  0.8  1
3.28  -0.0574409  -0.101555  -0.15  -0.05  0.840322  0.888481  0.8  1
3.29  -0.0591757  -0.102068  -0.15  -0.05  0.843756  0.890624  0.8  1
3.3  -0.0608061  -0.102399  -0.15  -0.05  0.847077  0.892581  0.8  1
3.31  -0.0623352  -0.102578  -0.15  -0.05  0.850286  0.894368  0.8  1
3.32  -0.0637664  -0.102629  -0.15  -0.05  0.853388  0.895997  0.8  1
3.33  -0.0651031  -0.102575  -0.15  -0.05  0.856386  0.897479  0.8  1
3.34  -0.0663487  -0.102438  -0.15  -0.05  0.859285  0.898824  0.8  1
3.35  -0.0675065  -0.102235  -0.15  -0.05  0.862087  0.900039  0.8  1
3.36  -0.0685799  -0.101982  -0.15  -0.05  0.864798  0.901132  0.8  1
3.37  -0.069572  -0.101694  -0.15  -0.05  0.86742  0.902109  0.8  1
3.38  -0.0704861  -0.101382  -0.15  -0.05  0.869958  0.902976  0.8  1
3.39  -0.071325  -0.101057  -0.15  -0.05  0.872415  0.903739  0.8  1
3.4  -0.0720916  -0.100729  -0.15  -0.05  0.874797  0.904403  0.8  1
3.41  -0.0727885  -0.100405  -0.15  -0.05  0.877108  0.904973  0.8  1
3.42  -0.0734182  -0.10009  -0.15  -0.05  0.879351  0.905453  0.8  1
3.43  -0.0739829  -0.0997915  -0.15  -0.05  0.88153  0.905849  0.8  1
3.44  -0.0744848  -0.0995126  -0.15  -0.05  0.883651  0.906165  0.8  1
3.45  -0.0749257  -0.0992567  -0.15  -0.05  0.885718  0.906405  0.8  1
3.46  -0.0753073  -0.0990267  -0.15  -0.05  0.887735  0.906574  0.8  1
3.47  -0.075631  -0.0988241  -0.15  -0.05  0.889707  0.906676  0.8  1
3.48  -0.0758981  -0.0986504  -0.15  -0.05  0.891638  0.906715  0.8  1
3.49  -0.0761096  -0.0985061  -0.15  -0.05  0.893533  0.906697  0.8  1
3.5  -0.0762663  -0.0983913  -0.15  -0.05  0.895397  0.906624  0.8  1
3.51  -0.0763689  -0.0983059  -0.15  -0.05  0.897235  0.906502  0.8  1
3.52  -0.0764178  -0.0982491  -0.15  -0.05  0.89905  0.906334  0.8  1
3.53  -0.0764133  -0.0982198  -0.15  -0.05  0.900849  0.906125  0.8  1
3.54  -0.0763552  -0.0982167  -0.15  -0.05  0.902636  0.905879  0.8  1
3.55  -0.0762435  -0.0982381  -0.15  -0.05  0.904416  0.905601  0.8  1
3.56  -0.0760778  -0.0982821  -0.15  -0.05  0.906194  0.905295  0.8  1
3.57  -0.0758575  -0.0983465  -0.15  -0.05  0.907975  0.904965  0.8  1
3.58  -0.075582  -0.0984287  -0.15  -0.05  0.909765  0.904616  0.8  1
3.59  -0.0752502  -0.0985261  -0.15  -0.05  0.911568  0.904253  0.8  1
3.6  -0.0748612  -0.0986356  -0.15  -0.05  0.913391  0.903881  0.8  1
3.61  -0.0744136  -0.098754  -0.15  -0.05  0.915237  0.903506  0.8  1
3.62  -0.0739061  -0.0988775  -0.15  -0.05  0.917114  0.903133  0.8  1
3.63  -0.0733371  -0.0990024  -0.15  -0.05  0.919026  0.902767  0.8  1
3.64  -0.0727047  -0.0991243  -0.15  -0.05  0.920979  0.902416  0.8  1
3.65  -0.0720073  -0.0992386  -0.15  -0.05  0.922979  0.902087  0.8  1
3.66  -0.0712427  -0.0993399  -0.15  -0.05  0.925031  0.901786  0.8  1
3.67  -0.0704088  -0.0994228  -0.15  -0.05  0.927141  0.901523  0.8  1
3.68  -0.0695033  -0.0994809  -0.15  -0.05  0.929315  0.901306  0.8  1
3.69  -0.0685239  -0.0995073  -0.15  -0.05  0.931558  0.901146  0.8  1
3.7  -0.067468  -0.0994943  -0.15  -0.05  0.933878  0.901053  0.8  1
3.71  -0.0663332  -0.0994336  -0.15  -0.05  0.936279  0.901041  0.8  1
3.72  -0.0651167  -0.0993156  -0.15  -0.05  0.938768  0.901122  0.8  1
3.73  -0.0638159  -0.0991298  -0.15  -0.05  0.94135  0.901313  0.8  1
3.74  -0.062428  -0.0988646  -0.15  -0.05  0.944031  0.90163  0.8  1
3.75  -0.0609503  -0.098507  -0.15  -0.05  0.946817  0.902093  0.8  1
3.76  -0.0593801  -0.0980422  -0.15  -0.05  0.949714  0.902723  0.8  1
3.77  -0.0577146  -0.0974541  -0.15  -0.05  0.952727  0.903544  0.8  1
3.78  -0.0559512  -0.0967244  -0.15  -0.05  0.955862  0.904584  0.8  1
3.79  -0.0540875  -0.0958329  -0.15  -0.05  0.959123  0.905872  0.8  1
3.8  -0.0521211  -0.0947568  -0.15  -0.05  0.962516  0.907442  0.8  1
3.81  -0.0500498  -0.0934706  -0.15  -0.05  0.966044  0.909332  0.8  1
3.82  -0.0478719  -0.0919459  -0.15  -0.05  0.969712  0.911584  0.8  1
3.83  -0.0455858  -0.0901509  -0.15  -0.05  0.973522  0.914246  0.8  1
3.84  -0.0431904  -0.0880502  -0.15  -0.05  0.977479  0.91737  0.8  1
3.85  -0.0406851  -0.085604  -0.15  -0.05  0.981582  0.921016  0.8  1
3.86  -0.03807  -0.0827681  -0.15  -0.05  0.985834  0.925251  0.8  1
3.87  -0.0353456  -0.079493  -0.15  -0.05  0.990235  0.930147  0.8  1
3.88  -0.0325136  -0.0757234  -0.15  -0.05  0.994781  0.935788  0.8  1
3.89  -0.0295766  -0.0713977  -0.15  0.15  0.999471  0.942266  0.8  1.3
3.9  -0.0265381  -0.0664472  -0.15  0.15  1.0043  0.949683  0.8  1.3
3.91  -0.0234032  -0.0608009  -0.15  0.15  1.00926  0.958145  0.8  1.3
3.92  -0.0201783  -0.0544079  -0.15  0.15  1.01434  0.967712  0.8  1.3
3.93  -0.0168716  -0.0472575  -0.15  0.15  1.01954  0.978373  0.8  1.3
3.94  -0.0134927  -0.0393879  -0.15  0.15  1.02483  0.990029  0.8  1.3
3.95  -0.0100531  -0.0308849  -0.15  0.15  1.03021  1.00251  0.8  1.3
3.96  -0.00656515  -0.0218684  -0.15  0.15  1.03565  1.01559  0.8  1.3
3.97  -0.00304269  -0.0124704  -0.15  0.15  1.04113  1.02905  0.8  1.3
3.98  0.000499833  -0.00282458  -0.15  0.15  1.04664  1.0427  0.8  1.3
3.99  0.00404744  0.00693363  -0.15  0.15  1.05215  1.05633  0.8  1.3
4  0.00758494  0.0166664  -0.15  0.15  1.05765  1.06975  0.8  1.3
4.01  0.0110973  0.0262331  -0.15  0.15  1.06312  1.08278  0.8  1.3
4.02  0.0145697  0.0354892  -0.15  0.15  1.06854  1.09523  0.8  1.3
4.03  0.0179883  0.044289  -0.15  0.15  1.07388  1.10692  0.8  1.3
4.04  0.0213403  0.0524986  -0.15  0.15  1.07915  1.11767  0.8  1.3
4.05  0.0246139  0.0600137  -0.15  0.15  1.08432  1.12739  0.8  1.3
4.06  0.0277992  0.066773  -0.15  0.15  1.08938  1.13603  0.8  1.3
4.07  0.0308877  0.0727629  -0.15  0.15  1.09432  1.14366  0.8  1.3
4.08  0.0338726  0.0780109  -0.15  0.15  1.09914  1.15037  0.8  1.3
4.09  0.0367487  0.0825705  0.05  0.15  1.10384  1.15629  1.1  1.3
4.1  0.039512  0.0864994  0.05  0.15  1.10841  1.16155  1.1  1.3
4.11  0.04216  0.0898544  0.05  0.15  1.11285  1.16624  1.1  1.3
4.12  0.044691  0.0926905  0.05  0.15  1.11716  1.17045  1.1  1.3
4.13  0.0471046  0.0950602  0.05  0.15  1.12133  1.17423  1.1  1.3
4.14  0.0494008  0.0970134  0.05  0.15  1.12538  1.17765  1.1  1.3
4.15  0.0515808  0.0985972  0.05  0.15  1.1293  1.18075  1.1  1.3
4.16  0.053646  0.0998554  0.05  0.15  1.1331  1.18357  1.1  1.3
4.17  0.0555985  0.100829  0.05  0.15  1.13677  1.18614  1.1  1.3
4.18  0.0574408  0.101555  0.05  0.15  1.14032  1.18848  1.1  1.3
4.19  0.0591756  0.102068  0.05  0.15  1.14376  1.19062  1.1  1.3
4.2  0.060806  0.102399  0.05  0.15  1.14708  1.19258  1.1  1.3
4.21  0.0623351  0.102578  0.05  0.15  1.15029  1.19437  1.1  1.3
4.22  0.0637663  0.102629  0.05  0.15  1.15339  1.196  1.1  1.3
4.23  0.065103  0.102575  0.05  0.15  1.15639  1.19748  1.1  1.3
4.24  0.0663486  0.102438  0.05  0.15  1.15928  1.19882  1.1  1.3
4.25  0.0675064  0.102235  0.05  0.15  1.16209  1.20004  1.1  1.3
4.26  0.0685798  0.101982  0.05  0.15  1.1648  1.20113  1.1  1.3
4.27  0.069572  0.101694  0.05  0.15  1.16742  1.20211  1.1  1.3
4.28  0.070486  0.101382  0.05  0.15  1.16996  1.20298  1.1  1.3
4.29  0.0713249  0.101057  0.05  0.15  1.17242  1.20374  1.1  1.3
4.3  0.0720915  0.100729  0.05  0.15  1.1748  1.2044  1.1  1.3
4.31  0.0727884  0.100405  0.05  0.15  1.17711  1.20497  1.1  1.3
4.32  0.0734181  0.10009  0.05  0.15  1.17935  1.20545  1.1  1.3
4.33  0.0739829  0.0997915  0.05  0.15  1.18153  1.20585  1.1  1.3
4.34  0.0744848  0.0995125  0.05  0.15  1.18365  1.20616  1.1  1.3
4.35  0.0749257  0.0992567  0.05  0.15  1.18572  1.2064  1.1  1.3
4.36  0.0753073  0.0990266  0.05  0.15  1.18773  1.20657  1.1  1.3
4.37  0.075631  0.0988241  0.05  0.15  1.18971  1.20668  1.1  1.3
4.38  0.0758981  0.0986504  0.05  0.15  1.19164  1.20672  1.1  1.3
4.39  0.0761096  0.0985061  0.05  0.15  1.19353  1.2067  1.1  1.3
4.4  0.0762663  0.0983913  0.05  0.15  1.1954  1.20662  1.1  1.3
4.41  0.0763689  0.0983059  0.05  0.15  1.19723  1.2065  1.1  1.3
4.42  0.0764178  0.0982491  0.05  0.15  1.19905  1.20633  1.1  1.3
4.43  0.0764132  0.0982198  0.05  0.15  1.20085  1.20612  1.1  1.3
4.44  0.0763552  0.0982167  0.05  0.15  1.20264  1.20588  1.1  1.3
4.45  0.0762435  0.0982381  0.05  0.15  1.20442  1.2056  1.1  1.3
4.46  0.0760778  0.0982821  0.05  0.15  1.20619  1.20529  1.1  1.3
4.47  0.0758575  0.0983465  0.05  0.15  1.20797  1.20496  1.1  1.3
4.48  0.075582  0.0984287  0.05  0.15  1.20976  1.20462  1.1  1.3
4.49  0.0752502  0.0985261  0.05  0.15  1.21157  1.20425  1.1  1.3
4.5  0.0748612  0.0986356  0.05  0.15  1.21339  1.20388  1.1  1.3
4.51  0.0744136  0.098754  0.05  0.15  1.21524  1.20351  1.1  1.3
4.52  0.0739061  0.0988775  0.05  0.15  1.21711  1.20313  1.1  1.3
4.53  0.073337  0.0990024  0.05  0.15  1.21903  1.20277  1.1  1.3
4.54  0.0727047  0.0991243  0.05  0.15  1.22098  1.20242  1.1  1.3
4.55  0.0720073  0.0992386  0.05  0.15  1.22298  1.20209  1.1  1.3
4.56  0.0712427  0.0993399  0.05  0.15  1.22503  1.20179  1.1  1.3
4.57  0.0704088  0.0994228  0.05  0.15  1.22714  1.20152  1.1  1.3
4.58  0.0695033  0.0994809  0.05  0.15  1.22931  1.20131  1.1  1.3
4.59  0.0685239  0.0995073  0.05  0.15  1.23156  1.20115  1.1  1.3
4.6  0.067468  0.0994943  0.05  0.15  1.23388  1.20105  1.1  1.3
4.61  0.0663332  0.0994336  0.05  0.15  1.23628  1.20104  1.1  1.3
4.62  0.0651167  0.0993156  0.05  0.15  1.23877  1.20112  1.1  1.3
4.63  0.0638159  0.0991298  0.05  0.15  1.24135  1.20131  1.1  1.3
4.64  0.062428  0.0988646  0.05  0.15  1.24403  1.20163  1.1  1.3
4.65  0.0609503  0.098507  0.05  0.15  1.24682  1.20209  1.1  1.3
4.66  0.05938  0.0980422  0.05  0.15  1.24971  1.20272  1.1  1.3
4.67  0.0577145  0.0974541  0.05  0.15  1.25273  1.20354  1.1  1.3
4.68  0.0559512  0.0967244  0.05  0.15  1.25586  1.20458  1.1  1.3
4.69  0.0540875  0.0958329  0.05  0.15  1.25912  1.20587  1.1  1.3
4.7  0.052121  0.0947568  0.05  0.15  1.26252  1.20744  1.1  1.3
4.71  0.0500498  0.0934705  0.05  0.15  1.26604  1.20933  1.1  1.3
4.72  0.0478719  0.0919459  0.05  0.15  1.26971  1.21158  1.1  1.3
4.73  0.0455858  0.0901509  0.05  0.15  1.27352  1.21425  1.1  1.3
4.74  0.0431904  0.0880502  0.05  0.15  1.27748  1.21737  1.1  1.3
4.75  0.0406851  0.085604  0.05  0.15  1.28158  1.22102  1.1  1.3
4.76  0.0380699  0.0827681  0.05  0.15  1.28583  1.22525  1.1  1.3
4.77  0.0353456  0.079493  0.05  0.15  1.29023  1.23015  1.1  1.3
4.78  0.0325136  0.0757234  0.05  0.15  1.29478  1.23579  1.1  1.3
4.79  0.0295766  0.0713977  -0.15  0.15  1.29947  1.24227  1.1  1.6
4.8  0.0265381  0.0664472  -0.15  0.15  1.3043  1.24968  1.1  1.6
4.81  0.0234031  0.0608008  -0.15  0.15  1.30926  1.25814  1.1  1.6
4.82  0.0201783  0.0544079  -0.15  0.15  1.31434  1.26771  1.1  1.6
4.83  0.0168716  0.0472575  -0.15  0.15  1.31954  1.27837  1.1  1.6
4.84  0.0134927  0.0393879  -0.15  0.15  1.32483  1.29003  1.1  1.6
4.85  0.0100531  0.0308849  -0.15  0.15  1.33021  1.30251  1.1  1.6
4.86  0.00656515  0.0218684  -0.15  0.15  1.33565  1.31559  1.1  1.6
4.87  0.00304268  0.0124704  -0.15  0.15  1.34113  1.32905  1.1  1.6
4.88  -0.00049984  0.00282458  -0.15  0.15  1.34664  1.3427  1.1  1.6
4.89  -0.00404744  -0.00693363  -0.15  0.15  1.35215  1.35633  1.1  1.6
4.9  -0.00758495  -0.0166664  -0.15  0.15  1.35765  1.36975  1.1  1.6
4.91  -0.0110973  -0.0262331  -0.15  0.15  1.36312  1.38278  1.1  1.6
4.92  -0.0145697  -0.0354892  -0.15  0.15  1.36854  1.39523  1.1  1.6
4.93  -0.0179883  -0.044289  -0.15  0.15  1.37388  1.40692  1.1  1.6
4.94  -0.0213403  -0.0524986  -0.15  0.15  1.37915  1.41767  1.1  1.6
4.95  -0.0246139  -0.0600137  -0.15  0.15  1.38432  1.42739  1.1  1.6
4.96  -0.0277992  -0.066773  -0.15  0.15  1.38938  1.43603  1.1  1.6
4.97  -0.0308877  -0.0727629  -0.15  0.15  1.39432  1.44366  1.1  1.6
4.98  -0.0338726  -0.0780109  -0.15  0.15  1.39914  1.45037  1.1  1.6
4.99  -0.0367487  -0.0825705  -0.15  -0.05  1.40384  1.45629  1.4  1.6
